"TC编号","优先级","情况与关键步骤","预期结果","历史状态","当前候选状态","工程覆盖度","执行版本","执行方式","责任人","证据级别","测试文件/引用","证据提交SHA","运行ID","镜像摘要","证据/待办"
"PER-001","P0","新员工入职：乌鸦创建员工、分配最小岗位、四位PIN和首个班次","只能看到岗位所需页面；员工、角色、授权、班次和创建人均有审计","通过","未执行","历史通过/待本版逐条追溯","1.0.0-rc.224","历史证据/待当前回归","李艳、乌鸦","领域级历史证据","","see-ci-quality-ledger","see-ci-quality-ledger","see-release-manifest","authorization、pilot-auth、presence、multi-role及staff-access-matrix自动化回归"
"PER-002","P0","员工离职：营业前停用账号和未来班次，再尝试登录","登录立即拒绝；历史订单、支付、赠送、任务和投诉仍显示原操作者，不被改名或删除","通过","未执行","历史通过/待本版逐条追溯","1.0.0-rc.224","历史证据/待当前回归","李艳、乌鸦","领域级历史证据","","see-ci-quality-ledger","see-ci-quality-ledger","see-release-manifest","authorization、pilot-auth、presence、multi-role及staff-access-matrix自动化回归"
"PER-003","P1","员工临时停职后恢复","停职期间不能登录/接单；恢复必须由授权人操作并产生两次审计事件","通过","未执行","历史通过/待本版逐条追溯","1.0.0-rc.224","历史证据/待当前回归","李艳、乌鸦","领域级历史证据","","see-ci-quality-ledger","see-ci-quality-ledger","see-release-manifest","authorization、pilot-auth、presence、multi-role及staff-access-matrix自动化回归"
"PER-004","P0","PIN输错、连续失败、锁定和管理员解锁","不泄露账号是否存在；达到阈值锁定；解锁留操作者、原因和时间；原PIN不显示","通过","未执行","历史通过/待本版逐条追溯","1.0.0-rc.224","历史证据/待当前回归","李艳、乌鸦","领域级历史证据","","see-ci-quality-ledger","see-ci-quality-ledger","see-release-manifest","authorization、pilot-auth、presence、multi-role及staff-access-matrix自动化回归"
"PER-005","P0","员工共享PIN或代操作演练","系统审计能定位实际账号；现场判定失败并立即更换PIN，不允许补签冒充本人动作","未执行","未执行","代码支持/待现场验证","1.0.0-rc.224","门店现场执行","李艳、乌鸦","待执行","","see-ci-quality-ledger","see-ci-quality-ledger","see-release-manifest","必须由对应真实岗位在门店设备和网络下执行，记录业务对象ID、审计事件和脱敏截图"
"PER-006","P1","当日首次设备输入门店口令，随后Tom切换Jerry","门店口令只验证一次；员工切换仍须本人PIN；跨日或会话失效后重新验证门店口令","通过","未执行","历史通过/待本版逐条追溯","1.0.0-rc.224","历史证据/待当前回归","李艳、乌鸦","领域级历史证据","","see-ci-quality-ledger","see-ci-quality-ledger","see-release-manifest","authorization、pilot-auth、presence、multi-role及staff-access-matrix自动化回归"
"PER-007","P1","李艳营业前请假，护古指定当晚值班负责人","排班、升级链、审批和闭店责任更新；所有员工端看到同一生效版本","未执行","未执行","代码支持/待现场验证","1.0.0-rc.224","门店现场执行","李艳、乌鸦","待执行","","see-ci-quality-ledger","see-ci-quality-ledger","see-release-manifest","必须由对应真实岗位在门店设备和网络下执行，记录业务对象ID、审计事件和脱敏截图"
"PER-008","P1","护古缺勤，李艳负责日常经营、重大事项升级陈方宇","不自动扩大李艳额度；超限必须到陈方宇；缺勤和代理范围有有效期","未执行","未执行","代码支持/待现场验证","1.0.0-rc.224","门店现场执行","李艳、乌鸦","待执行","","see-ci-quality-ledger","see-ci-quality-ledger","see-release-manifest","必须由对应真实岗位在门店设备和网络下执行，记录业务对象ID、审计事件和脱敏截图"
"PER-009","P1","陈方宇无法在线，出现超运营负责人限额事项","系统不得绕过上限；事项保持待处理或执行已发布的应急规则，不能口头伪造批准","未执行","未执行","代码支持/待现场验证","1.0.0-rc.224","门店现场执行","李艳、乌鸦","待执行","","see-ci-quality-ledger","see-ci-quality-ledger","see-release-manifest","必须由对应真实岗位在门店设备和网络下执行，记录业务对象ID、审计事件和脱敏截图"
"PER-010","P1","Tom迟到，休闲/散客/卡座尚无主责","Tyke自动/人工接管，李艳可见责任缺口；Tom到岗后显式交还，不出现双主责","未执行","未执行","代码支持/待现场验证","1.0.0-rc.224","门店现场执行","李艳、乌鸦","待执行","","see-ci-quality-ledger","see-ci-quality-ledger","see-release-manifest","必须由对应真实岗位在门店设备和网络下执行，记录业务对象ID、审计事件和脱敏截图"
"PER-011","P1","Jerry营业中突发离岗","未完成任务按优先级转Tyke或李艳；已接单、已到桌和未完成原因全部保留","未执行","未执行","代码支持/待现场验证","1.0.0-rc.224","门店现场执行","李艳、乌鸦","待执行","","see-ci-quality-ledger","see-ci-quality-ledger","see-release-manifest","必须由对应真实岗位在门店设备和网络下执行，记录业务对象ID、审计事件和脱敏截图"
"PER-012","P1","Tyke已在候补任务中，又出现第二个区域超时","系统识别候补繁忙，升级李艳分配Tom/Jerry；不能把同一人同时显示为已到两个远端桌","未执行","未执行","代码支持/待现场验证","1.0.0-rc.224","门店现场执行","李艳、乌鸦","待执行","","see-ci-quality-ledger","see-ci-quality-ledger","see-release-manifest","必须由对应真实岗位在门店设备和网络下执行，记录业务对象ID、审计事件和脱敏截图"
"PER-013","P1","Tom与Jerry互换责任区","新任务按新配置派发；旧任务仍由原负责人完成或显式转交；换区时间和批准人可追溯","未执行","未执行","代码支持/待现场验证","1.0.0-rc.224","门店现场执行","李艳、乌鸦","待执行","","see-ci-quality-ledger","see-ci-quality-ledger","see-release-manifest","必须由对应真实岗位在门店设备和网络下执行，记录业务对象ID、审计事件和脱敏截图"
"PER-014","P1","服务员与门迎临时互换","李艳发布轮岗，门迎任务转给具备门迎技能的Tom/Jerry/Tyke；桌区必须仍有候补","未执行","未执行","代码支持/待现场验证","1.0.0-rc.224","门店现场执行","李艳、乌鸦","待执行","","see-ci-quality-ledger","see-ci-quality-ledger","see-release-manifest","必须由对应真实岗位在门店设备和网络下执行，记录业务对象ID、审计事件和脱敏截图"
"PER-015","P1","李艳临时兼门迎时收到经理投诉","门迎由Tyke接替，李艳处理投诉；系统不得让低权限服务员独立关闭经理投诉","未执行","未执行","代码支持/待现场验证","1.0.0-rc.224","门店现场执行","李艳、乌鸦","待执行","","see-ci-quality-ledger","see-ci-quality-ledger","see-release-manifest","必须由对应真实岗位在门店设备和网络下执行，记录业务对象ID、审计事件和脱敏截图"
"PER-016","P1","冷言志被安排门迎","系统/排班规则拒绝或提示技能不匹配；改派李艳/Tom/Jerry/Tyke，并留下修正记录","未执行","未执行","代码支持/待现场验证","1.0.0-rc.224","门店现场执行","李艳、乌鸦","待执行","","see-ci-quality-ledger","see-ci-quality-ledger","see-release-manifest","必须由对应真实岗位在门店设备和网络下执行，记录业务对象ID、审计事件和脱敏截图"
"PER-017","P1","冷言志请假，吧台无主调酒师","酒水商品暂停销售或配置合格替岗人；不能让无调酒技能员工点击制作完成","未执行","未执行","代码支持/待现场验证","1.0.0-rc.224","门店现场执行","李艳、乌鸦","待执行","","see-ci-quality-ledger","see-ci-quality-ledger","see-release-manifest","必须由对应真实岗位在门店设备和网络下执行，记录业务对象ID、审计事件和脱敏截图"
"PER-018","P1","冷言志在吧台高峰，现场投诉需要副店长","李艳或护古接管投诉；冷言志继续保证吧台，不因管理兼职导致出品无人负责","未执行","未执行","代码支持/待现场验证","1.0.0-rc.224","门店现场执行","李艳、乌鸦","待执行","","see-ci-quality-ledger","see-ci-quality-ledger","see-release-manifest","必须由对应真实岗位在门店设备和网络下执行，记录业务对象ID、审计事件和脱敏截图"
"PER-019","P1","申良良请假或中途离岗","相关后厨SKU停售/售罄或由已配置合格替岗人接管；已下单项逐桌解释、取消/退款或改品","未执行","未执行","代码支持/待现场验证","1.0.0-rc.224","门店现场执行","李艳、乌鸦","待执行","","see-ci-quality-ledger","see-ci-quality-ledger","see-release-manifest","必须由对应真实岗位在门店设备和网络下执行，记录业务对象ID、审计事件和脱敏截图"
"PER-020","P1","三沐请假，收银岗位空缺","李艳指定有收款权限的临时收银；退款仍保持申请/审批分离；临时授权到期自动失效","通过","未执行","历史通过/待本版逐条追溯","1.0.0-rc.224","历史证据/待当前回归","李艳、乌鸦","领域级历史证据","","see-ci-quality-ledger","see-ci-quality-ledger","see-release-manifest","authorization、pilot-auth、presence、multi-role及staff-access-matrix自动化回归"
"PER-021","P0","三沐发起退款后临时获得经理角色并尝试自批","同一actor仍不得批准本人申请；必须由李艳/护古按额度审批","通过","未执行","历史通过/待本版逐条追溯","1.0.0-rc.224","历史证据/待当前回归","李艳、乌鸦","领域级历史证据","","see-ci-quality-ledger","see-ci-quality-ledger","see-release-manifest","authorization、pilot-auth、presence、multi-role及staff-access-matrix自动化回归"
"PER-022","P1","付淳羽请假或歌手接待负责人离岗","点歌入口进入人工确认/暂停状态；李艳接管现有请求，顾客看到真实状态而非假完成","未执行","未执行","代码支持/待现场验证","1.0.0-rc.224","门店现场执行","李艳、乌鸦","待执行","","see-ci-quality-ledger","see-ci-quality-ledger","see-release-manifest","必须由对应真实岗位在门店设备和网络下执行，记录业务对象ID、审计事件和脱敏截图"
"PER-023","P1","阿金请假，演出音响灯光无人负责","演出前发布替岗/简化方案；无法保证时暂停点歌与演出，不允许系统显示“正常演出”","未执行","未执行","代码支持/待现场验证","1.0.0-rc.224","门店现场执行","李艳、乌鸦","待执行","","see-ci-quality-ledger","see-ci-quality-ledger","see-release-manifest","必须由对应真实岗位在门店设备和网络下执行，记录业务对象ID、审计事件和脱敏截图"
"PER-024","P2","挞挞或乌鸦临时协助现场，但没有服务岗位","只能查看授权数据，不能接桌边任务/收款；如确需兼岗必须先配置岗位、班次和有效期","通过","未执行","历史通过/待本版逐条追溯","1.0.0-rc.224","历史证据/待当前回归","李艳、乌鸦","领域级历史证据","","see-ci-quality-ledger","see-ci-quality-ledger","see-release-manifest","authorization、pilot-auth、presence、multi-role及staff-access-matrix自动化回归"
"PER-025","P1","两名员工同时点击接同一任务","只允许一个领取成功；另一人收到明确“已由谁接单”，不生成重复到桌/完成记录","通过","未执行","历史通过/待本版逐条追溯","1.0.0-rc.224","历史证据/待当前回归","李艳、乌鸦","领域级历史证据","","see-ci-quality-ledger","see-ci-quality-ledger","see-release-manifest","authorization、pilot-auth、presence、multi-role及staff-access-matrix自动化回归"
"PER-026","P1","负责人离线，任务已自动转候补后原负责人恢复","原负责人看到已转交，不得继续完成；需要接回时由经理显式重新分配","通过","未执行","直接自动化证据","1.0.0-rc.224","自动化回归/待绑定CI","李艳、乌鸦","直接测试映射","presence.test.ts","see-ci-quality-ledger","see-ci-quality-ledger","see-release-manifest","presence.test.ts：主责离线后任务重新打开并进入责任链，恢复登录不会自动夺回任务"
"PER-027","P1","临时授权赠送/折扣/收款，跨零点仍登录","授权按北京时间和营业日到期；过期后的按钮/接口均拒绝，之前记录不受影响","通过","未执行","历史通过/待本版逐条追溯","1.0.0-rc.224","历史证据/待当前回归","李艳、乌鸦","领域级历史证据","","see-ci-quality-ledger","see-ci-quality-ledger","see-release-manifest","authorization、pilot-auth、presence、multi-role及staff-access-matrix自动化回归"
"PER-028","P0","修改员工姓名、岗位或归属后查询历史","历史保留稳定员工ID和当时岗位快照；当前姓名可更新但不能改写当时权限事实","通过","未执行","历史通过/待本版逐条追溯","1.0.0-rc.224","历史证据/待当前回归","李艳、乌鸦","领域级历史证据","","see-ci-quality-ledger","see-ci-quality-ledger","see-release-manifest","authorization、pilot-auth、presence、multi-role及staff-access-matrix自动化回归"
"PER-029","P1","共享平板有离线服务动作，员工切换账号","离线动作仍归原员工；同步完成后才允许安全切换，不能把队列动作记到新员工名下","通过","未执行","历史通过/待本版逐条追溯","1.0.0-rc.224","历史证据/待当前回归","李艳、乌鸦","领域级历史证据","","see-ci-quality-ledger","see-ci-quality-ledger","see-release-manifest","authorization、pilot-auth、presence、multi-role及staff-access-matrix自动化回归"
"PER-030","P1","02:00后继续营业并换班","营业日与自然日分离；所有事件用北京时间；交班列出开放桌、任务、支付、退款和库存异常","通过","未执行","历史通过/待本版逐条追溯","1.0.0-rc.224","历史证据/待当前回归","李艳、乌鸦","领域级历史证据","","see-ci-quality-ledger","see-ci-quality-ledger","see-release-manifest","authorization、pilot-auth、presence、multi-role及staff-access-matrix自动化回归"
"GST-001","P1","客人手机正常预约、门店确认、到店入座","预约阶段只登记接待名额、人数和位置偏好，不绑定具体桌位；到店后由门迎安排桌位并绑定唯一桌次，保留来源、责任门迎和时间线","通过","未执行","历史通过/待本版逐条追溯","1.0.0-rc.224","历史证据/待当前回归","李艳、Tom、Jerry、Tyke","领域级历史证据","","see-ci-quality-ledger","see-ci-quality-ledger","see-release-manifest","reservation、table-access、table-operations、table-transfer、waitlist及proactive-service自动化回归"
"GST-002","P1","未登录访客预约","建立匿名客户ID和联系方式引用；后续绑定微信账号时合并到同一客户，不丢行为历史","通过","未执行","历史通过/待本版逐条追溯","1.0.0-rc.224","历史证据/待当前回归","李艳、Tom、Jerry、Tyke","领域级历史证据","","see-ci-quality-ledger","see-ci-quality-ledger","see-release-manifest","reservation、table-access、table-operations、table-transfer、waitlist及proactive-service自动化回归"
"GST-003","P0","连续点击预约提交或重复支付订金","只生成一条预约和一笔订金；相同幂等键返回同一结果","通过","未执行","历史通过/待本版逐条追溯","1.0.0-rc.224","历史证据/待当前回归","李艳、Tom、Jerry、Tyke","领域级历史证据","","see-ci-quality-ledger","see-ci-quality-ledger","see-release-manifest","reservation、table-access、table-operations、table-transfer、waitlist及proactive-service自动化回归"
"GST-004","P1","修改预约时间、人数、场景或备注","保留修改前后值和规则影响；实际人数超过建议容量时明确显示并记录加座人数，不静默处理","通过","未执行","历史通过/待本版逐条追溯","1.0.0-rc.224","历史证据/待当前回归","李艳、Tom、Jerry、Tyke","领域级历史证据","","see-ci-quality-ledger","see-ci-quality-ledger","see-release-manifest","reservation、table-access、table-operations、table-transfer、waitlist及proactive-service自动化回归"
"GST-005","P1","顾客主动取消无订金预约","状态取消、释放该时段接待名额、记录原因；不得虚构或释放具体桌位，不得删除历史","通过","未执行","历史通过/待本版逐条追溯","1.0.0-rc.224","历史证据/待当前回归","李艳、Tom、Jerry、Tyke","领域级历史证据","","see-ci-quality-ledger","see-ci-quality-ledger","see-release-manifest","reservation、table-access、table-operations、table-transfer、waitlist及proactive-service自动化回归"
"GST-006","P0","有订金预约取消","进入待退款而非已退款；只有渠道成功后显示退款完成","通过","未执行","历史通过/待本版逐条追溯","1.0.0-rc.224","历史证据/待当前回归","李艳、Tom、Jerry、Tyke","领域级历史证据","","see-ci-quality-ledger","see-ci-quality-ledger","see-release-manifest","reservation、table-access、table-operations、table-transfer、waitlist及proactive-service自动化回归"
"GST-007","P1","顾客准时到店","门迎核验预约后现场安排具体桌位并开台；预约、客户、桌台和桌次形成可追溯关联，预约阶段不存在预绑桌","通过","未执行","历史通过/待本版逐条追溯","1.0.0-rc.224","历史证据/待当前回归","李艳、Tom、Jerry、Tyke","领域级历史证据","","see-ci-quality-ledger","see-ci-quality-ledger","see-release-manifest","reservation、table-access、table-operations、table-transfer、waitlist及proactive-service自动化回归"
"GST-008","P1","提前45分钟到店","记录实际到店；门迎按现场桌况安排候客或可用桌位，不能把位置偏好解释为已锁定桌位；换位时桌次迁移可追溯","通过","未执行","历史通过/待本版逐条追溯","1.0.0-rc.224","历史证据/待当前回归","李艳、Tom、Jerry、Tyke","领域级历史证据","","see-ci-quality-ledger","see-ci-quality-ledger","see-release-manifest","reservation、table-access、table-operations、table-transfer、waitlist及proactive-service自动化回归"
"GST-009","P1","已确认预约到达约定时间但客人尚未到店","客户端从约定时间开始显示10分钟“预约到店保留”倒计时；此前及待确认阶段不显示倒计时；联系和预计到店留痕但不虚报到店或具体桌位","通过","未执行","历史通过/待本版逐条追溯","1.0.0-rc.224","历史证据/待当前回归","李艳、Tom、Jerry、Tyke","领域级历史证据","","see-ci-quality-ledger","see-ci-quality-ledger","see-release-manifest","reservation、table-access、table-operations、table-transfer、waitlist及proactive-service自动化回归"
"GST-010","P1","已确认预约超过到店时间10分钟后才到店","预约自动标记no-show并释放接待名额，不操作任何现场桌位；重新评估接待或进入候补，订金按已发布规则处理并说明","通过","未执行","历史通过/待本版逐条追溯","1.0.0-rc.224","历史证据/待当前回归","李艳、Tom、Jerry、Tyke","领域级历史证据","","see-ci-quality-ledger","see-ci-quality-ledger","see-release-manifest","reservation、table-access、table-operations、table-transfer、waitlist及proactive-service自动化回归"
"GST-011","P1","爽约且门店联系无响应","到店时间加10分钟后标记no-show；接待名额、审计事件、通知Outbox、联系记录及订金处置均留痕，不生成虚假桌位释放记录","通过","未执行","历史通过/待本版逐条追溯","1.0.0-rc.224","历史证据/待当前回归","李艳、Tom、Jerry、Tyke","领域级历史证据","","see-ci-quality-ledger","see-ci-quality-ledger","see-release-manifest","reservation、table-access、table-operations、table-transfer、waitlist及proactive-service自动化回归"
"GST-012","P1","无预约散客且有空桌","创建walk-in客户和桌次，选择桌号、人数、主责与候补；不要求客户先确认开台","通过","未执行","历史通过/待本版逐条追溯","1.0.0-rc.224","历史证据/待当前回归","李艳、Tom、Jerry、Tyke","领域级历史证据","","see-ci-quality-ledger","see-ci-quality-ledger","see-release-manifest","reservation、table-access、table-operations、table-transfer、waitlist及proactive-service自动化回归"
"GST-013","P1","无预约散客，满台","进入结构化候补，记录人数、偏好、最晚等待和联系方式；不能用自由备注代替","通过","未执行","历史通过/待本版逐条追溯","1.0.0-rc.224","历史证据/待当前回归","李艳、Tom、Jerry、Tyke","领域级历史证据","","see-ci-quality-ledger","see-ci-quality-ledger","see-release-manifest","reservation、table-access、table-operations、table-transfer、waitlist及proactive-service自动化回归"
"GST-014","P1","多组候补与容量不同","按到店顺序和容量匹配；跳号必须有规则理由；同一桌不能同时锁给两组","通过","未执行","历史通过/待本版逐条追溯","1.0.0-rc.224","历史证据/待当前回归","李艳、Tom、Jerry、Tyke","领域级历史证据","","see-ci-quality-ledger","see-ci-quality-ledger","see-release-manifest","reservation、table-access、table-operations、table-transfer、waitlist及proactive-service自动化回归"
"GST-015","P1","呼叫候补无响应","记录联系次数和到期时间，再递补下一组；原客回店按已发布规则回队","通过","未执行","历史通过/待本版逐条追溯","1.0.0-rc.224","历史证据/待当前回归","李艳、Tom、Jerry、Tyke","领域级历史证据","","see-ci-quality-ledger","see-ci-quality-ledger","see-release-manifest","reservation、table-access、table-operations、table-transfer、waitlist及proactive-service自动化回归"
"GST-016","P1","预约6人实际8人","优先重新匹配大桌；现场确认加座时允许原桌入座，并记录建议容量、实际人数、加座数及低消/订金差异","通过","未执行","历史通过/待本版逐条追溯","1.0.0-rc.224","历史证据/待当前回归","李艳、Tom、Jerry、Tyke","领域级历史证据","","see-ci-quality-ledger","see-ci-quality-ledger","see-release-manifest","reservation、table-access、table-operations、table-transfer、waitlist及proactive-service自动化回归"
"GST-017","P1","预约8人实际4人","更新人数；低消或订金规则变化需客人确认和经理记录，不私下改账","通过","未执行","历史通过/待本版逐条追溯","1.0.0-rc.224","历史证据/待当前回归","李艳、Tom、Jerry、Tyke","领域级历史证据","","see-ci-quality-ledger","see-ci-quality-ledger","see-release-manifest","reservation、table-access、table-operations、table-transfer、waitlist及proactive-service自动化回归"
"GST-018","P1","客人带婴儿车、轮椅或行动不便","门迎记录服务偏好并安排安全位置；只保留必要信息，不记录歧视性标签","未执行","未执行","能力缺口","1.0.0-rc.224","门店现场执行","李艳、Tom、Jerry、Tyke","待执行","","see-ci-quality-ledger","see-ci-quality-ledger","see-release-manifest","必须由对应真实岗位在门店设备和网络下执行，记录业务对象ID、审计事件和脱敏截图"
"GST-019","P1","疑似未成年人单独点酒","按法规和门店政策核验并拒绝酒精商品；拒绝原因留痕，不记录完整证件影像","未执行","未执行","能力缺口","1.0.0-rc.224","门店现场执行","李艳、Tom、Jerry、Tyke","待执行","","see-ci-quality-ledger","see-ci-quality-ledger","see-release-manifest","必须由对应真实岗位在门店设备和网络下执行，记录业务对象ID、审计事件和脱敏截图"
"GST-020","P1","明显醉酒、冲突或安全风险","停止继续售酒，升级李艳/护古，记录安全处置；不得用赠酒平息风险","未执行","未执行","能力缺口","1.0.0-rc.224","门店现场执行","李艳、Tom、Jerry、Tyke","待执行","","see-ci-quality-ledger","see-ci-quality-ledger","see-release-manifest","必须由对应真实岗位在门店设备和网络下执行，记录业务对象ID、审计事件和脱敏截图"
"GST-021","P1","企业客户、多桌团体、统一结账","每桌独立履约，建立团体关联和统一付款人；不得混淆商品送达与资金分摊","未执行","未执行","能力缺口","1.0.0-rc.224","门店现场执行","李艳、Tom、Jerry、Tyke","待执行","","see-ci-quality-ledger","see-ci-quality-ledger","see-release-manifest","必须由对应真实岗位在门店设备和网络下执行，记录业务对象ID、审计事件和脱敏截图"
"GST-022","P1","生日客要求低调","生日权益可执行，但不公开称呼、唱歌或灯光；公开偏好可随时修改","未执行","未执行","部分实现","1.0.0-rc.224","门店现场执行","李艳、Tom、Jerry、Tyke","待执行","","see-ci-quality-ledger","see-ci-quality-ledger","see-release-manifest","必须由对应真实岗位在门店设备和网络下执行，记录业务对象ID、审计事件和脱敏截图"
"GST-023","P1","生日客临时要求互动","现场二次确认公开范围，联动舞台、出品和服务；任何取消都释放未核销权益","未执行","未执行","部分实现","1.0.0-rc.224","门店现场执行","李艳、Tom、Jerry、Tyke","待执行","","see-ci-quality-ledger","see-ci-quality-ledger","see-release-manifest","必须由对应真实岗位在门店设备和网络下执行，记录业务对象ID、审计事件和脱敏截图"
"GST-024","P1","入桌后15分钟尚未点单","服务员点击“未点单”，AI在规则时间提醒主责关注；员工到桌询问但不强迫消费","通过","未执行","直接自动化证据","1.0.0-rc.224","自动化回归/待绑定CI","李艳、Tom、Jerry、Tyke","直接测试映射","proactive-service.test.ts","see-ci-quality-ledger","see-ci-quality-ledger","see-release-manifest","proactive-service.test.ts：员工显式标记后按配置时间生成一次主动关怀任务，下单后自动关闭"
"GST-025","P2","客人明确说暂时不需要点单","记录snooze到指定时间，期间不重复打扰；到期重新提醒一次，客户可再次延后","通过","未执行","直接自动化证据","1.0.0-rc.224","自动化回归/待绑定CI","李艳、Tom、Jerry、Tyke","直接测试映射","proactive-service.test.ts","see-ci-quality-ledger","see-ci-quality-ledger","see-release-manifest","proactive-service.test.ts：延后15/30/60分钟期间不生成任务，到期只恢复一次提醒并留审计"
"GST-026","P1","客人自扫固定桌码进入","固定二维码识别当前桌台；未开台时明确提示联系服务人员开台并每8秒自动刷新，开台后直接进入菜单；客户不需要知道动态token，也不被要求重复扫码","通过","未执行","历史通过/待本版逐条追溯","1.0.0-rc.224","历史证据/待当前回归","李艳、Tom、Jerry、Tyke","领域级历史证据","","see-ci-quality-ledger","see-ci-quality-ledger","see-release-manifest","reservation、table-access、table-operations、table-transfer、waitlist及proactive-service自动化回归"
"GST-027","P0","翻台后旧客保留旧页面继续操作","旧会话不能向新桌次下单/呼叫；提示重新扫码；不得看到新客订单和服务信息","通过","未执行","历史通过/待本版逐条追溯","1.0.0-rc.224","历史证据/待当前回归","李艳、Tom、Jerry、Tyke","领域级历史证据","","see-ci-quality-ledger","see-ci-quality-ledger","see-release-manifest","reservation、table-access、table-operations、table-transfer、waitlist及proactive-service自动化回归"
"GST-028","P1","新桌开台不要求客人确认","员工开台后立即可服务/点单；记录开台员工、人数、主责和北京时间","通过","未执行","历史通过/待本版逐条追溯","1.0.0-rc.224","历史证据/待当前回归","李艳、Tom、Jerry、Tyke","领域级历史证据","","see-ci-quality-ledger","see-ci-quality-ledger","see-release-manifest","reservation、table-access、table-operations、table-transfer、waitlist及proactive-service自动化回归"
"GST-029","P1","同桌多人分别扫码","进入同一桌账但保留不同匿名客户ID/微信ID；个人偏好与整桌订单不混淆","通过","未执行","历史通过/待本版逐条追溯","1.0.0-rc.224","历史证据/待当前回归","李艳、Tom、Jerry、Tyke","领域级历史证据","","see-ci-quality-ledger","see-ci-quality-ledger","see-release-manifest","reservation、table-access、table-operations、table-transfer、waitlist及proactive-service自动化回归"
"GST-030","P1","顾客中途整桌换台","原桌变更、订单、支付、任务、权益和点歌整体迁移到同一桌次；旧桌码不能继续写入","通过","未执行","历史通过/待本版逐条追溯","1.0.0-rc.224","历史证据/待当前回归","李艳、Tom、Jerry、Tyke","领域级历史证据","","see-ci-quality-ledger","see-ci-quality-ledger","see-release-manifest","reservation、table-access、table-operations、table-transfer、waitlist及proactive-service自动化回归"
"GST-031","P1","部分客人拆到另一桌","创建关联桌次并明确迁移哪些人/商品/未付金额；不能用整桌换位误处理","通过","未执行","历史通过/待本版逐条追溯","1.0.0-rc.224","历史证据/待当前回归","李艳、Tom、Jerry、Tyke","领域级历史证据","","see-ci-quality-ledger","see-ci-quality-ledger","see-release-manifest","reservation、table-access、table-operations、table-transfer、waitlist及proactive-service自动化回归"
"GST-032","P1","两桌合并","先核对未付账、权益和任务，再建立合并关系；原业务对象ID可追溯且不重复计费","通过","未执行","历史通过/待本版逐条追溯","1.0.0-rc.224","历史证据/待当前回归","李艳、Tom、Jerry、Tyke","领域级历史证据","","see-ci-quality-ledger","see-ci-quality-ledger","see-release-manifest","reservation、table-access、table-operations、table-transfer、waitlist及proactive-service自动化回归"
"GST-033","P1","客人换回原桌或连续换两次","形成完整迁移链；任何时点只有一个有效所在桌，历史桌不接受新写入","通过","未执行","历史通过/待本版逐条追溯","1.0.0-rc.224","历史证据/待当前回归","李艳、Tom、Jerry、Tyke","领域级历史证据","","see-ci-quality-ledger","see-ci-quality-ledger","see-release-manifest","reservation、table-access、table-operations、table-transfer、waitlist及proactive-service自动化回归"
"GST-034","P1","客人临时离店后返回","桌次保持或按经理规则暂停；保留物品/存酒提示和预计返回时间，不误翻台","通过","未执行","历史通过/待本版逐条追溯","1.0.0-rc.224","历史证据/待当前回归","李艳、Tom、Jerry、Tyke","领域级历史证据","","see-ci-quality-ledger","see-ci-quality-ledger","see-release-manifest","reservation、table-access、table-operations、table-transfer、waitlist及proactive-service自动化回归"
"GST-035","P1","客人要求先买单但继续坐","支付完成不自动关闭桌次；服务责任继续，直到明确离店和清台后翻台","通过","未执行","历史通过/待本版逐条追溯","1.0.0-rc.224","历史证据/待当前回归","李艳、Tom、Jerry、Tyke","领域级历史证据","","see-ci-quality-ledger","see-ci-quality-ledger","see-release-manifest","reservation、table-access、table-operations、table-transfer、waitlist及proactive-service自动化回归"
"GST-036","P1","客人离店但有未完成需求/投诉","不得直接清空；先升级并形成解决/交班记录，客户页面消息随真实完成状态消失","通过","未执行","历史通过/待本版逐条追溯","1.0.0-rc.224","历史证据/待当前回归","李艳、Tom、Jerry、Tyke","领域级历史证据","","see-ci-quality-ledger","see-ci-quality-ledger","see-release-manifest","reservation、table-access、table-operations、table-transfer、waitlist及proactive-service自动化回归"
"GST-037","P1","正常离店、结桌、清台、翻台","余额为0、履约和投诉关闭后结桌；本桌客户可见状态清空，匿名行为进入分析留存","通过","未执行","历史通过/待本版逐条追溯","1.0.0-rc.224","历史证据/待当前回归","李艳、Tom、Jerry、Tyke","领域级历史证据","","see-ci-quality-ledger","see-ci-quality-ledger","see-release-manifest","reservation、table-access、table-operations、table-transfer、waitlist及proactive-service自动化回归"
"GST-038","P0","翻台清理客户数据","清除前桌实时订单、提示、情绪和服务状态；未响应需求转历史分析，不泄露给下一桌","通过","未执行","历史通过/待本版逐条追溯","1.0.0-rc.224","历史证据/待当前回归","李艳、Tom、Jerry、Tyke","领域级历史证据","","see-ci-quality-ledger","see-ci-quality-ledger","see-release-manifest","reservation、table-access、table-operations、table-transfer、waitlist及proactive-service自动化回归"
"GST-039","P1","同一客人再次到店","在授权范围内识别历史偏好、过敏、常点商品、服务频次和情绪趋势；员工只见服务所需摘要","通过","未执行","历史通过/待本版逐条追溯","1.0.0-rc.224","历史证据/待当前回归","李艳、Tom、Jerry、Tyke","领域级历史证据","","see-ci-quality-ledger","see-ci-quality-ledger","see-release-manifest","reservation、table-access、table-operations、table-transfer、waitlist及proactive-service自动化回归"
"GST-040","P2","客人拒绝会员、通知或画像个性化","仍可匿名点单支付；遵守同意状态，不发营销通知；经营必需的订单/支付审计仍依法保存","通过","未执行","历史通过/待本版逐条追溯","1.0.0-rc.224","历史证据/待当前回归","李艳、Tom、Jerry、Tyke","领域级历史证据","","see-ci-quality-ledger","see-ci-quality-ledger","see-release-manifest","reservation、table-access、table-operations、table-transfer、waitlist及proactive-service自动化回归"
"SVC-001","P1","客人点击加水","客户立即看到有人情味的已收到反馈；主责接单、到桌、完成后提示自动消失","通过","未执行","历史通过/待本版逐条追溯","1.0.0-rc.224","历史证据/待当前回归","李艳、Tom、Jerry、Tyke","领域级历史证据","","see-ci-quality-ledger","see-ci-quality-ledger","see-release-manifest","服务任务、限流、SLA升级、通知失败保留与接单到完成闭环自动化回归"
"SVC-002","P1","客人点击柠檬、纸巾、餐具等可配置服务","按配置创建正确任务和SLA，不需要发版；任务显示桌号、内容和主/候补人员","通过","未执行","历史通过/待本版逐条追溯","1.0.0-rc.224","历史证据/待当前回归","李艳、Tom、Jerry、Tyke","领域级历史证据","","see-ci-quality-ledger","see-ci-quality-ledger","see-release-manifest","服务任务、限流、SLA升级、通知失败保留与接单到完成闭环自动化回归"
"SVC-003","P1","客人点击呼叫服务员","立即分配主责；主责繁忙/离线则候补接管；客户可见已受理而非虚假已完成","通过","未执行","历史通过/待本版逐条追溯","1.0.0-rc.224","历史证据/待当前回归","李艳、Tom、Jerry、Tyke","领域级历史证据","","see-ci-quality-ledger","see-ci-quality-ledger","see-release-manifest","服务任务、限流、SLA升级、通知失败保留与接单到完成闭环自动化回归"
"SVC-004","P1","客人提交个性化说明","单独提交按钮生效；说明形成独立任务，不依赖购物车下单；员工端完整可见","通过","未执行","历史通过/待本版逐条追溯","1.0.0-rc.224","历史证据/待当前回归","李艳、Tom、Jerry、Tyke","领域级历史证据","","see-ci-quality-ledger","see-ci-quality-ledger","see-release-manifest","服务任务、限流、SLA升级、通知失败保留与接单到完成闭环自动化回归"
"SVC-005","P1","每分钟第1至5次服务请求","允许不同合理需求，分别反馈并可合并派发；不因前一条存在而吞掉后续不同需求","通过","未执行","历史通过/待本版逐条追溯","1.0.0-rc.224","历史证据/待当前回归","李艳、Tom、Jerry、Tyke","领域级历史证据","","see-ci-quality-ledger","see-ci-quality-ledger","see-release-manifest","服务任务、限流、SLA升级、通知失败保留与接单到完成闭环自动化回归"
"SVC-006","P1","每分钟第6次及以上连续点击","友好提示“已经记下，正在安排”；限制重复提交但保留安全/投诉入口，记录限流事件","通过","未执行","历史通过/待本版逐条追溯","1.0.0-rc.224","历史证据/待当前回归","李艳、Tom、Jerry、Tyke","领域级历史证据","","see-ci-quality-ledger","see-ci-quality-ledger","see-release-manifest","服务任务、限流、SLA升级、通知失败保留与接单到完成闭环自动化回归"
"SVC-007","P1","客人重复点击同一需求","按窗口合并/关联，不生成多个员工重复到桌；客户能看见当前处理状态","通过","未执行","历史通过/待本版逐条追溯","1.0.0-rc.224","历史证据/待当前回归","李艳、Tom、Jerry、Tyke","领域级历史证据","","see-ci-quality-ledger","see-ci-quality-ledger","see-release-manifest","服务任务、限流、SLA升级、通知失败保留与接单到完成闭环自动化回归"
"SVC-008","P1","主责30秒未接、60秒超时、120秒仍未处理","按规则依次通知候补、李艳、护古；每次升级有时间、接收人和原因","通过","未执行","历史通过/待本版逐条追溯","1.0.0-rc.224","历史证据/待当前回归","李艳、Tom、Jerry、Tyke","领域级历史证据","","see-ci-quality-ledger","see-ci-quality-ledger","see-release-manifest","服务任务、限流、SLA升级、通知失败保留与接单到完成闭环自动化回归"
"SVC-009","P1","员工点击已接单但未到桌","客户只看到正在安排；系统继续计算到桌SLA，不把接单当完成","通过","未执行","历史通过/待本版逐条追溯","1.0.0-rc.224","历史证据/待当前回归","李艳、Tom、Jerry、Tyke","领域级历史证据","","see-ci-quality-ledger","see-ci-quality-ledger","see-release-manifest","服务任务、限流、SLA升级、通知失败保留与接单到完成闭环自动化回归"
"SVC-010","P1","员工点击已到桌但客人问题未解决","保持处理中；必须记录实际解决结果后才能完成，不能用“完成”隐藏未解决任务","通过","未执行","历史通过/待本版逐条追溯","1.0.0-rc.224","历史证据/待当前回归","李艳、Tom、Jerry、Tyke","领域级历史证据","","see-ci-quality-ledger","see-ci-quality-ledger","see-release-manifest","服务任务、限流、SLA升级、通知失败保留与接单到完成闭环自动化回归"
"SVC-011","P1","员工完成后客人再次表示未解决","客人重新呼叫或投诉时关联原任务，保留第一次处理责任和耗时，不覆盖旧记录","通过","未执行","历史通过/待本版逐条追溯","1.0.0-rc.224","历史证据/待当前回归","李艳、Tom、Jerry、Tyke","领域级历史证据","","see-ci-quality-ledger","see-ci-quality-ledger","see-release-manifest","服务任务、限流、SLA升级、通知失败保留与接单到完成闭环自动化回归"
"SVC-012","P1","客人提交服务慢投诉","直接升级副店长/店长；普通服务员不能独立关闭；补救、完成权限、处理结果和时间留痕","通过","未执行","历史通过/待本版逐条追溯","1.0.0-rc.224","历史证据/待当前回归","李艳、Tom、Jerry、Tyke","领域级历史证据","","see-ci-quality-ledger","see-ci-quality-ledger","see-release-manifest","服务任务、限流、SLA升级、通知失败保留与接单到完成闭环自动化回归"
"SVC-013","P1","客人投诉错品、价格、态度或噪音","按投诉类型路由责任岗位；需要账务补救时关联原订单/支付，不能只写备注","通过","未执行","历史通过/待本版逐条追溯","1.0.0-rc.224","历史证据/待当前回归","李艳、Tom、Jerry、Tyke","领域级历史证据","","see-ci-quality-ledger","see-ci-quality-ledger","see-release-manifest","服务任务、限流、SLA升级、通知失败保留与接单到完成闭环自动化回归"
"SVC-014","P1","客人投诉系统或支付问题","三沐、李艳和乌鸦协同；支付未知时冻结再次付款，向客人给出真实进度","通过","未执行","历史通过/待本版逐条追溯","1.0.0-rc.224","历史证据/待当前回归","李艳、Tom、Jerry、Tyke","领域级历史证据","","see-ci-quality-ledger","see-ci-quality-ledger","see-release-manifest","服务任务、限流、SLA升级、通知失败保留与接单到完成闭环自动化回归"
"SVC-015","P2","平板通知失败、耳机未响","手机/管理PC备用通知生效；任务仍在队列且进入通知失败监控，不静默丢失","通过","未执行","直接自动化证据","1.0.0-rc.224","自动化回归/待绑定CI","李艳、Tom、Jerry、Tyke","直接测试映射","notification-runtime/dispatch测试","see-ci-quality-ledger","see-ci-quality-ledger","see-release-manifest","notification-runtime/dispatch测试：通知失败不删除核心任务，指数退避、失败监控和人工重试均留审计"
"SVC-016","P2","客户选择开心、心动、微醺、互动、庆祝、安静","选择项变亮、其他变灰，可重新选择；不弹系统式提示；记录客户状态用于服务建议","通过","未执行","历史通过/待本版逐条追溯","1.0.0-rc.224","历史证据/待当前回归","李艳、Tom、Jerry、Tyke","领域级历史证据","","see-ci-quality-ledger","see-ci-quality-ledger","see-release-manifest","服务任务、限流、SLA升级、通知失败保留与接单到完成闭环自动化回归"
"SVC-017","P1","客人由开心改为安静","最新状态立即更新给主责，停止不合适互动建议；保留变化时间供服务质量分析","通过","未执行","历史通过/待本版逐条追溯","1.0.0-rc.224","历史证据/待当前回归","李艳、Tom、Jerry、Tyke","领域级历史证据","","see-ci-quality-ledger","see-ci-quality-ledger","see-release-manifest","服务任务、限流、SLA升级、通知失败保留与接单到完成闭环自动化回归"
"SVC-018","P1","AI 15分钟、30分钟提醒","仅创建具体建议，不自动声称服务完成；员工可执行、延后或说明不适用，均留痕","通过","未执行","直接自动化证据","1.0.0-rc.224","自动化回归/待绑定CI","李艳、Tom、Jerry、Tyke","直接测试映射","sop-engine.test.ts","see-ci-quality-ledger","see-ci-quality-ledger","see-release-manifest","sop-engine.test.ts：事件触发、多步骤计时、前一步完成依赖、停止条件、品类筛选、岗位派单、转桌跟随及幂等回归"
"SVC-019","P1","摄像头/AI建议与现场事实冲突","员工以现场核实为准并反馈误判；不得自动扣库存、收费、识别人脸或公开客户身份","未执行","未执行","代码支持/待现场验证","1.0.0-rc.224","门店现场执行","李艳、Tom、Jerry、Tyke","待执行","","see-ci-quality-ledger","see-ci-quality-ledger","see-release-manifest","必须由对应真实岗位在门店设备和网络下执行，记录业务对象ID、审计事件和脱敏截图"
"SVC-020","P1","客诉当场解决后客户离店","任务关闭、客户端提示消失、补偿与责任完整；后续分析保留脱敏结果，不向下一桌展示","通过","未执行","历史通过/待本版逐条追溯","1.0.0-rc.224","历史证据/待当前回归","李艳、Tom、Jerry、Tyke","领域级历史证据","","see-ci-quality-ledger","see-ci-quality-ledger","see-release-manifest","服务任务、限流、SLA升级、通知失败保留与接单到完成闭环自动化回归"
"ORD-001","P1","客户扫码全屏菜单浏览、加购物车","商品图片、名称、售价、售罄和可选项清楚；购物车数量与左下金额合并显示","通过","未执行","历史通过/待本版逐条追溯","1.0.0-rc.224","历史证据/待当前回归","冷言志、申良良、Tom、Jerry、Tyke","领域级历史证据","","see-ci-quality-ledger","see-ci-quality-ledger","see-release-manifest","订单、KDS、错品/缺货/重做、送达及库存消耗集成回归"
"ORD-002","P1","服务员平板协助点单","与客户菜单同风格；服务员选择桌号、核对明细后下单；操作者和客户来源可区分","通过","未执行","直接自动化证据","1.0.0-rc.224","自动化回归/待绑定CI","冷言志、申良良、Tom、Jerry、Tyke","直接测试映射","normalized browser、catalog-api、MenuOrderingWorkspace及commerce-kds-api测试","see-ci-quality-ledger","see-ci-quality-ledger","see-release-manifest","normalized browser、catalog-api、MenuOrderingWorkspace及commerce-kds-api测试：已开台桌次锁定、小食子分类、员工专属商品、搜索、协助下单、库存消耗和KDS创建完整回归"
"ORD-003","P0","服务员选择错误桌号","确认页突出桌号；提交前可改；提交后必须走结构化转桌/撤单，不能改审计","通过","未执行","历史通过/待本版逐条追溯","1.0.0-rc.224","历史证据/待当前回归","冷言志、申良良、Tom、Jerry、Tyke","领域级历史证据","","see-ci-quality-ledger","see-ci-quality-ledger","see-release-manifest","订单、KDS、错品/缺货/重做、送达及库存消耗集成回归"
"ORD-004","P1","同一商品多规格、加料、备注和数量","价格实时重算，订单保存完整选项快照，KDS看到制作所需信息","通过","未执行","历史通过/待本版逐条追溯","1.0.0-rc.224","历史证据/待当前回归","冷言志、申良良、Tom、Jerry、Tyke","领域级历史证据","","see-ci-quality-ledger","see-ci-quality-ledger","see-release-manifest","订单、KDS、错品/缺货/重做、送达及库存消耗集成回归"
"ORD-005","P1","过敏、忌口或无酒精要求","客户/员工可录入；高风险项明确确认并传到对应档口，不只留在前台备注","通过","未执行","历史通过/待本版逐条追溯","1.0.0-rc.224","历史证据/待当前回归","冷言志、申良良、Tom、Jerry、Tyke","领域级历史证据","","see-ci-quality-ledger","see-ci-quality-ledger","see-release-manifest","订单、KDS、错品/缺货/重做、送达及库存消耗集成回归"
"ORD-006","P1","商品售罄后客户仍停留在旧菜单","服务端拒绝提交并刷新状态；不扣款、不生成制作任务，提供可配置替代品","通过","未执行","历史通过/待本版逐条追溯","1.0.0-rc.224","历史证据/待当前回归","冷言志、申良良、Tom、Jerry、Tyke","领域级历史证据","","see-ci-quality-ledger","see-ci-quality-ledger","see-release-manifest","订单、KDS、错品/缺货/重做、送达及库存消耗集成回归"
"ORD-007","P1","下单瞬间管理员改价","已提交订单保留原价格快照；未提交购物车刷新后提示价格变化并重新确认","通过","未执行","历史通过/待本版逐条追溯","1.0.0-rc.224","历史证据/待当前回归","冷言志、申良良、Tom、Jerry、Tyke","领域级历史证据","","see-ci-quality-ledger","see-ci-quality-ledger","see-release-manifest","订单、KDS、错品/缺货/重做、送达及库存消耗集成回归"
"ORD-008","P0","客户或员工重复点击确认下单","只生成一个订单；相同幂等键返回同一orderId，不重复扣库存或发KDS","通过","未执行","历史通过/待本版逐条追溯","1.0.0-rc.224","历史证据/待当前回归","冷言志、申良良、Tom、Jerry、Tyke","领域级历史证据","","see-ci-quality-ledger","see-ci-quality-ledger","see-release-manifest","订单、KDS、错品/缺货/重做、送达及库存消耗集成回归"
"ORD-009","P1","已下单后追加商品","生成关联追加单/订单批次；桌账合并展示，原订单不被覆盖","通过","未执行","历史通过/待本版逐条追溯","1.0.0-rc.224","历史证据/待当前回归","冷言志、申良良、Tom、Jerry、Tyke","领域级历史证据","","see-ci-quality-ledger","see-ci-quality-ledger","see-release-manifest","订单、KDS、错品/缺货/重做、送达及库存消耗集成回归"
"ORD-010","P1","未开始制作前取消商品","按规则取消并释放预占库存；如已付款则进入退款流程，不直接修改支付成功金额","通过","未执行","历史通过/待本版逐条追溯","1.0.0-rc.224","历史证据/待当前回归","冷言志、申良良、Tom、Jerry、Tyke","领域级历史证据","","see-ci-quality-ledger","see-ci-quality-ledger","see-release-manifest","订单、KDS、错品/缺货/重做、送达及库存消耗集成回归"
"ORD-011","P1","已开始制作后要求取消","进入经理确认，明确是否仍收费、作废或补偿；KDS、库存和桌账结果一致","通过","未执行","历史通过/待本版逐条追溯","1.0.0-rc.224","历史证据/待当前回归","冷言志、申良良、Tom、Jerry、Tyke","领域级历史证据","","see-ci-quality-ledger","see-ci-quality-ledger","see-release-manifest","订单、KDS、错品/缺货/重做、送达及库存消耗集成回归"
"ORD-012","P1","酒水、冷菜、热厨同单","自动拆到正确档口；前台仍显示一个订单和各品项状态","通过","未执行","历史通过/待本版逐条追溯","1.0.0-rc.224","历史证据/待当前回归","冷言志、申良良、Tom、Jerry、Tyke","领域级历史证据","","see-ci-quality-ledger","see-ci-quality-ledger","see-release-manifest","订单、KDS、错品/缺货/重做、送达及库存消耗集成回归"
"ORD-013","P1","冷言志收到吧台酒水","只能看到吧台所需信息；点击开始、完成；完成后自动呼叫服务员/取送人员","通过","未执行","历史通过/待本版逐条追溯","1.0.0-rc.224","历史证据/待当前回归","冷言志、申良良、Tom、Jerry、Tyke","领域级历史证据","","see-ci-quality-ledger","see-ci-quality-ledger","see-release-manifest","订单、KDS、错品/缺货/重做、送达及库存消耗集成回归"
"ORD-014","P1","申良良收到冷菜与热厨任务","按档口和SLA排序；缺料可报缺货/暂停，不能伪造已制作","通过","未执行","历史通过/待本版逐条追溯","1.0.0-rc.224","历史证据/待当前回归","冷言志、申良良、Tom、Jerry、Tyke","领域级历史证据","","see-ci-quality-ledger","see-ci-quality-ledger","see-release-manifest","订单、KDS、错品/缺货/重做、送达及库存消耗集成回归"
"ORD-015","P1","商品5分钟未出或超过配置SLA","AI/系统提醒档口和经理；阈值可后台配置，记录当时规则版本","通过","未执行","历史通过/待本版逐条追溯","1.0.0-rc.224","历史证据/待当前回归","冷言志、申良良、Tom、Jerry、Tyke","领域级历史证据","","see-ci-quality-ledger","see-ci-quality-ledger","see-release-manifest","订单、KDS、错品/缺货/重做、送达及库存消耗集成回归"
"ORD-016","P1","制作完成后Tyke忙碌","先通知主责/候补/可取送员工，李艳可补位；不能将“已制作”自动标“已送达”","通过","未执行","历史通过/待本版逐条追溯","1.0.0-rc.224","历史证据/待当前回归","冷言志、申良良、Tom、Jerry、Tyke","领域级历史证据","","see-ci-quality-ledger","see-ci-quality-ledger","see-release-manifest","订单、KDS、错品/缺货/重做、送达及库存消耗集成回归"
"ORD-017","P1","取错品、送错桌或少送","通过桌号/品项核对拦截；发生后关联原订单补做或退款，不删除错误记录","通过","未执行","直接自动化证据","1.0.0-rc.224","自动化回归/待绑定CI","冷言志、申良良、Tom、Jerry、Tyke","直接测试映射","order-domain及kds-exception-api测试","see-ci-quality-ledger","see-ci-quality-ledger","see-release-manifest","order-domain及kds-exception-api测试：错品关联原KDS生成唯一补做任务，原记录不删除"
"ORD-018","P1","客人退回质量不合格饮品/菜品","经理确认重做、改品或退款；新KDS任务关联原品项，库存和成本记录一次","通过","未执行","直接自动化证据","1.0.0-rc.224","自动化回归/待绑定CI","冷言志、申良良、Tom、Jerry、Tyke","直接测试映射","order-domain及inventory-order-integration测试","see-ci-quality-ledger","see-ci-quality-ledger","see-release-manifest","order-domain及inventory-order-integration测试：质量退回后重做关联原品项并单独记录库存耗用"
"ORD-019","P1","两人同时点击取走/送达","只有一个状态转换成功；另一人看到最新状态，不能重复扣履约或权益","通过","未执行","历史通过/待本版逐条追溯","1.0.0-rc.224","历史证据/待当前回归","冷言志、申良良、Tom、Jerry、Tyke","领域级历史证据","","see-ci-quality-ledger","see-ci-quality-ledger","see-release-manifest","订单、KDS、错品/缺货/重做、送达及库存消耗集成回归"
"ORD-020","P1","换桌期间有商品正在制作","KDS收到最新送达桌号并保留原桌；取送端必须核对当前桌次，旧桌不接收","通过","未执行","历史通过/待本版逐条追溯","1.0.0-rc.224","历史证据/待当前回归","冷言志、申良良、Tom、Jerry、Tyke","领域级历史证据","","see-ci-quality-ledger","see-ci-quality-ledger","see-release-manifest","订单、KDS、错品/缺货/重做、送达及库存消耗集成回归"
"PAY-001","P0","客户自助扫码下单后微信支付","订单、金额、桌次一致；只由验签回调/服务端查单置成功；员工端实时收到成功信号","阻塞","阻塞","外部依赖","1.0.0-rc.224","外部生产联调","三沐、李艳、护古、陈方宇","待执行","","see-ci-quality-ledger","see-ci-quality-ledger","see-release-manifest","需星驿/微信生产商户参数、KYC、真实小额支付/退款及渠道流水号"
"PAY-002","P0","服务员协助点单后展示支付二维码","二维码绑定唯一订单和金额；客人扫码后客户/服务员/收银同步状态","阻塞","阻塞","外部依赖","1.0.0-rc.224","外部生产联调","三沐、李艳、护古、陈方宇","待执行","","see-ci-quality-ledger","see-ci-quality-ledger","see-release-manifest","需星驿/微信生产商户参数、KYC、真实小额支付/退款及渠道流水号"
"PAY-003","P0","服务员选择扫客户付款码","显示金额二次确认；付款码不落日志；渠道结果未知时不重复扫","阻塞","阻塞","外部依赖","1.0.0-rc.224","外部生产联调","三沐、李艳、护古、陈方宇","待执行","","see-ci-quality-ledger","see-ci-quality-ledger","see-release-manifest","需星驿/微信生产商户参数、KYC、真实小额支付/退款及渠道流水号"
"PAY-004","P1","客人手机同步服务员建立的订单后点击支付","同一订单只产生受控支付意图；服务员二维码与手机支付不能造成重复支付","阻塞","阻塞","外部依赖","1.0.0-rc.224","外部生产联调","三沐、李艳、护古、陈方宇","待执行","","see-ci-quality-ledger","see-ci-quality-ledger","see-release-manifest","需星驿/微信生产商户参数、KYC、真实小额支付/退款及渠道流水号"
"PAY-005","P1","物理POS无法对接，收款后手工报送","记录终端、批次、凭证号、金额和操作者；状态为待对账，不伪装API成功","未执行","未执行","代码支持/待现场验证","1.0.0-rc.224","门店现场执行","三沐、李艳、护古、陈方宇","待执行","","see-ci-quality-ledger","see-ci-quality-ledger","see-release-manifest","必须由对应真实岗位在门店设备和网络下执行，记录业务对象ID、审计事件和脱敏截图"
"PAY-006","P1","现金支付","双人点验或经理复核，记录金额、找零和收银人；日结现金实盘一致","未执行","未执行","代码支持/待现场验证","1.0.0-rc.224","门店现场执行","三沐、李艳、护古、陈方宇","待执行","","see-ci-quality-ledger","see-ci-quality-ledger","see-release-manifest","必须由对应真实岗位在门店设备和网络下执行，记录业务对象ID、审计事件和脱敏截图"
"PAY-007","P0","一桌多人拆分支付","每笔分摊到商品/金额，合计不超过应收；失败分摊可重试但不影响已成功部分","阻塞","阻塞","外部依赖","1.0.0-rc.224","外部生产联调","三沐、李艳、护古、陈方宇","待执行","","see-ci-quality-ledger","see-ci-quality-ledger","see-release-manifest","需星驿/微信生产商户参数、KYC、真实小额支付/退款及渠道流水号"
"PAY-008","P0","微信+POS+现金混合支付","各渠道独立证据，桌账剩余实时准确；所有渠道合计为应收且无重复","阻塞","阻塞","外部依赖","1.0.0-rc.224","外部生产联调","三沐、李艳、护古、陈方宇","待执行","","see-ci-quality-ledger","see-ci-quality-ledger","see-release-manifest","需星驿/微信生产商户参数、KYC、真实小额支付/退款及渠道流水号"
"PAY-009","P0","客户端超时、渠道结果未知","冻结再次支付，使用原单查单；员工不得口头改成功；最终结果和请求ID可追溯","阻塞","阻塞","外部依赖","1.0.0-rc.224","外部生产联调","三沐、李艳、护古、陈方宇","待执行","","see-ci-quality-ledger","see-ci-quality-ledger","see-release-manifest","需星驿/微信生产商户参数、KYC、真实小额支付/退款及渠道流水号"
"PAY-010","P0","同一支付成功回调两次或乱序回调","只入账一次；成功后的失败/处理中回调不能回滚终态；保存验签与幂等记录","阻塞","阻塞","外部依赖","1.0.0-rc.224","外部生产联调","三沐、李艳、护古、陈方宇","待执行","","see-ci-quality-ledger","see-ci-quality-ledger","see-release-manifest","需星驿/微信生产商户参数、KYC、真实小额支付/退款及渠道流水号"
"PAY-011","P0","回调金额、币种、商户、订单号不匹配","拒绝应用到桌账并告警；不能显示支付成功；原始摘要进入安全审计","阻塞","阻塞","外部依赖","1.0.0-rc.224","外部生产联调","三沐、李艳、护古、陈方宇","待执行","","see-ci-quality-ledger","see-ci-quality-ledger","see-release-manifest","需星驿/微信生产商户参数、KYC、真实小额支付/退款及渠道流水号"
"PAY-012","P1","客人少付、超付或付款到错误订单","系统阻止或建立明确差异，不自动挪款；由三沐和李艳核对渠道后处理","阻塞","阻塞","外部依赖","1.0.0-rc.224","外部生产联调","三沐、李艳、护古、陈方宇","待执行","","see-ci-quality-ledger","see-ci-quality-ledger","see-release-manifest","需星驿/微信生产商户参数、KYC、真实小额支付/退款及渠道流水号"
"PAY-013","P0","服务员赠送权限内啤酒/鸡尾酒","验证模板、SKU、单次/每日额度和有效期；订单显示赠送价值、成本和批准人","通过","未执行","直接自动化证据","1.0.0-rc.224","自动化回归/待绑定CI","三沐、李艳、护古、陈方宇","直接测试映射","commerce-kds-api及PostgresPricingAuthority测试","see-ci-quality-ledger","see-ci-quality-ledger","see-release-manifest","commerce-kds-api及PostgresPricingAuthority测试：赠送原因必填、客户端不可伪造授权源、岗位单笔额度、重复员工授权与会员权益隔离回归"
"PAY-014","P0","服务员申请超额度赠送或折扣","进入上级审批，未批准不生效；不同岗位额度由后台配置且保留版本","通过","未执行","历史通过/待本版逐条追溯","1.0.0-rc.224","历史证据/待当前回归","三沐、李艳、护古、陈方宇","领域级历史证据","","see-ci-quality-ledger","see-ci-quality-ledger","see-release-manifest","支付领域、退款、双人审批、幂等、拆单和服务商适配器工程回归"
"PAY-015","P0","运营负责人超5000元或重大争议授权","系统升级陈方宇，不能拆成多笔绕限额；审计能识别同桌/同理由累计值","通过","未执行","历史通过/待本版逐条追溯","1.0.0-rc.224","历史证据/待当前回归","三沐、李艳、护古、陈方宇","领域级历史证据","","see-ci-quality-ledger","see-ci-quality-ledger","see-release-manifest","支付领域、退款、双人审批、幂等、拆单和服务商适配器工程回归"
"PAY-016","P0","商品级部分退款","关联原orderItem和payment；申请、审批不同人；金额不超过可退余额；渠道与桌账同步一次","阻塞","阻塞","外部依赖","1.0.0-rc.224","外部生产联调","三沐、李艳、护古、陈方宇","待执行","","see-ci-quality-ledger","see-ci-quality-ledger","see-release-manifest","需星驿/微信生产商户参数、KYC、真实小额支付/退款及渠道流水号"
"PAY-017","P0","全单退款、重复退款和退款失败重试","原支付可追溯；失败不显示已退；重试关联同一refundId；重复回调不二次退款","阻塞","阻塞","外部依赖","1.0.0-rc.224","外部生产联调","三沐、李艳、护古、陈方宇","直接测试映射","refund、online-payment-refund及stale-payment-worker测试","see-ci-quality-ledger","see-ci-quality-ledger","see-release-manifest","需星驿/微信生产商户参数、KYC、真实小额支付/退款及渠道流水号"
"PAY-018","P0","POS支付部分退款","生成退款待办和物理凭证；系统不能虚构POS退款成功，日对账前保持待核验","阻塞","阻塞","外部依赖","1.0.0-rc.224","外部生产联调","三沐、李艳、护古、陈方宇","待执行","","see-ci-quality-ledger","see-ci-quality-ledger","see-release-manifest","需星驿/微信生产商户参数、KYC、真实小额支付/退款及渠道流水号"
"PAY-019","P1","客人已买单但商品取消/投诉补偿","新退款/权益关联原订单，不能直接改已成功支付；客户可见真实处理状态","通过","未执行","历史通过/待本版逐条追溯","1.0.0-rc.224","历史证据/待当前回归","三沐、李艳、护古、陈方宇","领域级历史证据","","see-ci-quality-ledger","see-ci-quality-ledger","see-release-manifest","支付领域、退款、双人审批、幂等、拆单和服务商适配器工程回归"
"PAY-020","P0","闭桌与日结","只有余额0且无支付未知/退款无主时可闭桌；系统、渠道、POS、现金差异逐笔有责任人和期限","阻塞","阻塞","外部依赖","1.0.0-rc.224","外部生产联调","三沐、李艳、护古、陈方宇","待执行","","see-ci-quality-ledger","see-ci-quality-ledger","see-release-manifest","需星驿/微信生产商户参数、KYC、真实小额支付/退款及渠道流水号"
"MBR-001","P1","未注册客人首次扫固定桌码","建立匿名客户ID，记录合法的服务、情绪、菜单和消费行为，不强迫注册","通过","未执行","历史通过/待本版逐条追溯","1.0.0-rc.224","历史证据/待当前回归","乌鸦、护古、李艳","领域级历史证据","","see-ci-quality-ledger","see-ci-quality-ledger","see-release-manifest","权益发放、额度审批、匿名身份、同意状态、通知跳过和Outbox重试回归"
"MBR-002","P0","同桌两位匿名客操作","两个客户ID可区分，桌账共享但个人情绪、服务偏好和会员权益不能串人","通过","未执行","历史通过/待本版逐条追溯","1.0.0-rc.224","历史证据/待当前回归","乌鸦、护古、李艳","领域级历史证据","","see-ci-quality-ledger","see-ci-quality-ledger","see-release-manifest","权益发放、额度审批、匿名身份、同意状态、通知跳过和Outbox重试回归"
"MBR-003","P1","匿名客户后来授权微信/手机号","在可验证身份下合并，不重复会员；保留原匿名历史和合并审计","通过","未执行","历史通过/待本版逐条追溯","1.0.0-rc.224","历史证据/待当前回归","乌鸦、护古、李艳","领域级历史证据","","see-ci-quality-ledger","see-ci-quality-ledger","see-release-manifest","权益发放、额度审批、匿名身份、同意状态、通知跳过和Outbox重试回归"
"MBR-004","P0","错误合并两个客户后申请拆分","仅授权管理员按证据修复；原始ID、合并和拆分关系不可删除，避免权益/消费串联","通过","未执行","历史通过/待本版逐条追溯","1.0.0-rc.224","历史证据/待当前回归","乌鸦、护古、李艳","领域级历史证据","","see-ci-quality-ledger","see-ci-quality-ledger","see-release-manifest","权益发放、额度审批、匿名身份、同意状态、通知跳过和Outbox重试回归"
"MBR-005","P1","记录常点商品、服务频次、情绪和投诉偏好","形成可解释摘要；员工只看到当次服务有帮助的信息，不展示敏感画像或贬义标签","通过","未执行","历史通过/待本版逐条追溯","1.0.0-rc.224","历史证据/待当前回归","乌鸦、护古、李艳","领域级历史证据","","see-ci-quality-ledger","see-ci-quality-ledger","see-release-manifest","权益发放、额度审批、匿名身份、同意状态、通知跳过和Outbox重试回归"
"MBR-006","P1","服务员发放权限内小权益","直接/审批后到账规则按配置执行；客户会员页和公众号/服务号通知状态联动","通过","未执行","直接自动化证据","1.0.0-rc.224","自动化回归/待绑定CI","乌鸦、护古、李艳","直接测试映射","benefit-domain/redemption测试","see-ci-quality-ledger","see-ci-quality-ledger","see-release-manifest","benefit-domain/redemption测试：权限内发放、越权审批、客户权益可见及通知状态同步"
"MBR-007","P0","同一权益重复发放、锁定或核销","每一步幂等；只核销一次；取消订单后释放锁定但保留历史","通过","未执行","历史通过/待本版逐条追溯","1.0.0-rc.224","历史证据/待当前回归","乌鸦、护古、李艳","领域级历史证据","","see-ci-quality-ledger","see-ci-quality-ledger","see-release-manifest","权益发放、额度审批、匿名身份、同意状态、通知跳过和Outbox重试回归"
"MBR-008","P1","活动批量召回老客户","先预览人群、权益、成本和排除名单；护古批准后执行；每人结果可追溯","通过","未执行","历史通过/待本版逐条追溯","1.0.0-rc.224","历史证据/待当前回归","乌鸦、护古、李艳","领域级历史证据","","see-ci-quality-ledger","see-ci-quality-ledger","see-release-manifest","权益发放、额度审批、匿名身份、同意状态、通知跳过和Outbox重试回归"
"MBR-009","P1","客户未同意营销通知","权益可按合法规则到账但通知跳过；不得绕过同意使用其他通道骚扰","通过","未执行","直接自动化证据","1.0.0-rc.224","自动化回归/待绑定CI","乌鸦、护古、李艳","直接测试映射","benefit-domain测试","see-ci-quality-ledger","see-ci-quality-ledger","see-release-manifest","benefit-domain测试：未同意营销的会员权益到账但通知状态为skipped"
"MBR-010","P2","微信通知失败或接口限流","权益状态不回滚；Outbox重试并有上限，失败转人工名单，不重复发权益","通过","未执行","直接自动化证据","1.0.0-rc.224","自动化回归/待绑定CI","乌鸦、护古、李艳","直接测试映射","notification-dispatch/wechat-notification-adapter测试","see-ci-quality-ledger","see-ci-quality-ledger","see-release-manifest","notification-dispatch/wechat-notification-adapter测试：限流重试有上限且不重复发权益"
"MBR-011","P1","权益过期、库存不足或门店不适用","客户端显示明确状态；不能下单核销；经理可按规则替换但需新审批","通过","未执行","历史通过/待本版逐条追溯","1.0.0-rc.224","历史证据/待当前回归","乌鸦、护古、李艳","领域级历史证据","","see-ci-quality-ledger","see-ci-quality-ledger","see-release-manifest","权益发放、额度审批、匿名身份、同意状态、通知跳过和Outbox重试回归"
"MBR-012","P0","客户请求查询/更正/停止个性化","按隐私规则处理；停止后不再生成营销画像，订单支付等法定审计按期限保留","通过","未执行","历史通过/待本版逐条追溯","1.0.0-rc.224","历史证据/待当前回归","乌鸦、护古、李艳","领域级历史证据","","see-ci-quality-ledger","see-ci-quality-ledger","see-release-manifest","权益发放、额度审批、匿名身份、同意状态、通知跳过和Outbox重试回归"
"SNG-001","P1","12:00至20:30下午茶时段","客户页显示暂无演出/今晚开始时间，不展示虚假的当前歌手；咖啡餐饮功能正常","通过","未执行","历史通过/待本版逐条追溯","1.0.0-rc.224","历史证据/待当前回归","付淳羽、阿金、李艳","领域级历史证据","","see-ci-quality-ledger","see-ci-quality-ledger","see-release-manifest","歌手资料、当日排班、倒计时、点歌状态机及可见性回归"
"SNG-002","P1","20:30按排班开始演出","客户页显示当前歌手、演出剩余时间和下一位歌手/开场倒计时，均使用北京时间","通过","未执行","历史通过/待本版逐条追溯","1.0.0-rc.224","历史证据/待当前回归","付淳羽、阿金、李艳","领域级历史证据","","see-ci-quality-ledger","see-ci-quality-ledger","see-release-manifest","歌手资料、当日排班、倒计时、点歌状态机及可见性回归"
"SNG-003","P1","点击当前歌手资料","展示后台配置的照片、简介、风格和当天可点歌单；信息排版紧凑，音乐符号不抢占版面","通过","未执行","历史通过/待本版逐条追溯","1.0.0-rc.224","历史证据/待当前回归","付淳羽、阿金、李艳","领域级历史证据","","see-ci-quality-ledger","see-ci-quality-ledger","see-release-manifest","歌手资料、当日排班、倒计时、点歌状态机及可见性回归"
"SNG-004","P1","点击下一位歌手资料并预约点歌","展示其资料与当天歌单；请求标记为预约，等歌手到场后由服务员确认","通过","未执行","历史通过/待本版逐条追溯","1.0.0-rc.224","历史证据/待当前回归","付淳羽、阿金、李艳","领域级历史证据","","see-ci-quality-ledger","see-ci-quality-ledger","see-release-manifest","歌手资料、当日排班、倒计时、点歌状态机及可见性回归"
"SNG-005","P1","当前歌手剩余时间很少仍提交点歌","允许提交协商请求；明确可能延长/改场/拒绝，不在线收款","通过","未执行","历史通过/待本版逐条追溯","1.0.0-rc.224","历史证据/待当前回归","付淳羽、阿金、李艳","领域级历史证据","","see-ci-quality-ledger","see-ci-quality-ledger","see-release-manifest","歌手资料、当日排班、倒计时、点歌状态机及可见性回归"
"SNG-006","P1","自定义歌名不在歌单","可填写歌名、备注和歌手；进入服务员/舞台确认，不承诺一定演唱","通过","未执行","历史通过/待本版逐条追溯","1.0.0-rc.224","历史证据/待当前回归","付淳羽、阿金、李艳","领域级历史证据","","see-ci-quality-ledger","see-ci-quality-ledger","see-release-manifest","歌手资料、当日排班、倒计时、点歌状态机及可见性回归"
"SNG-007","P0","点歌提交后直接要求线上支付","系统不得收款；歌手/现场确认可唱后，服务员到桌现场收费并关联请求","通过","未执行","历史通过/待本版逐条追溯","1.0.0-rc.224","历史证据/待当前回归","付淳羽、阿金、李艳","领域级历史证据","","see-ci-quality-ledger","see-ci-quality-ledger","see-release-manifest","歌手资料、当日排班、倒计时、点歌状态机及可见性回归"
"SNG-008","P1","歌手接受、客人现场付款、排队演唱","状态按待确认、可演唱、待收费、已收费、排队、演唱中、完成流转；各责任人留痕","未执行","未执行","代码支持/待现场验证","1.0.0-rc.224","门店现场执行","付淳羽、阿金、李艳","待执行","","see-ci-quality-ledger","see-ci-quality-ledger","see-release-manifest","必须由对应真实岗位在门店设备和网络下执行，记录业务对象ID、审计事件和脱敏截图"
"SNG-009","P0","歌手拒绝、客户取消或已收款后无法演唱","未收款直接结束；已收款进入退款责任链，不能显示完成或口头抵消","未执行","未执行","代码支持/待现场验证","1.0.0-rc.224","门店现场执行","付淳羽、阿金、李艳","待执行","","see-ci-quality-ledger","see-ci-quality-ledger","see-release-manifest","必须由对应真实岗位在门店设备和网络下执行，记录业务对象ID、审计事件和脱敏截图"
"SNG-010","P1","歌手迟到、缺席或临时换顺序","付淳羽更新排班版本；客户倒计时、下一位和点歌可用性实时联动；旧请求重新确认","通过","未执行","历史通过/待本版逐条追溯","1.0.0-rc.224","历史证据/待当前回归","付淳羽、阿金、李艳","领域级历史证据","","see-ci-quality-ledger","see-ci-quality-ledger","see-release-manifest","歌手资料、当日排班、倒计时、点歌状态机及可见性回归"
"SNG-011","P1","演出延长跨越下一场","经理确认冲突处理；下一位倒计时与提示更新，不能出现两位同时“演出中”","通过","未执行","历史通过/待本版逐条追溯","1.0.0-rc.224","历史证据/待当前回归","付淳羽、阿金、李艳","领域级历史证据","","see-ci-quality-ledger","see-ci-quality-ledger","see-release-manifest","歌手资料、当日排班、倒计时、点歌状态机及可见性回归"
"SNG-012","P1","阿金报告音响/灯光故障","点歌与演出进入延迟/暂停；客户看到友好说明，任务保留，不伪造已演唱","未执行","未执行","能力缺口","1.0.0-rc.224","门店现场执行","付淳羽、阿金、李艳","待执行","","see-ci-quality-ledger","see-ci-quality-ledger","see-release-manifest","必须由对应真实岗位在门店设备和网络下执行，记录业务对象ID、审计事件和脱敏截图"
"SNG-013","P1","客户只应看到当天排班歌手","非当日、停用、未确认歌手不出现在点歌选择；后台仍保留资料和历史","通过","未执行","历史通过/待本版逐条追溯","1.0.0-rc.224","历史证据/待当前回归","付淳羽、阿金、李艳","领域级历史证据","","see-ci-quality-ledger","see-ci-quality-ledger","see-release-manifest","歌手资料、当日排班、倒计时、点歌状态机及可见性回归"
"SNG-014","P1","排班跨零点","演出归属同一营业日；倒计时、歌手顺序和点歌请求不因自然日变化重置","通过","未执行","历史通过/待本版逐条追溯","1.0.0-rc.224","历史证据/待当前回归","付淳羽、阿金、李艳","领域级历史证据","","see-ci-quality-ledger","see-ci-quality-ledger","see-release-manifest","歌手资料、当日排班、倒计时、点歌状态机及可见性回归"
"INV-001","P1","商品BOM和出品完成扣减库存","按配置消耗原料一次；订单取消、重做和退款按规则生成独立库存移动","通过","未执行","历史通过/待本版逐条追溯","1.0.0-rc.224","历史证据/待当前回归","冷言志、申良良、李艳、护古","领域级历史证据","","see-ci-quality-ledger","see-ci-quality-ledger","see-release-manifest","收货、成本快照、盘点、存酒取用/转赠/作废、双人审批及幂等回归"
"INV-002","P1","库存预警阈值、损耗水平和停售规则调整","后台可配置且有版本/生效时间；旧订单使用当时快照，不需要改代码","通过","未执行","历史通过/待本版逐条追溯","1.0.0-rc.224","历史证据/待当前回归","冷言志、申良良、李艳、护古","领域级历史证据","","see-ci-quality-ledger","see-ci-quality-ledger","see-release-manifest","收货、成本快照、盘点、存酒取用/转赠/作废、双人审批及幂等回归"
"INV-003","P1","售罄发生在下单前/下单后","下单前阻止；下单后走改品/取消/退款，KDS和客户状态一致","通过","未执行","历史通过/待本版逐条追溯","1.0.0-rc.224","历史证据/待当前回归","冷言志、申良良、李艳、护古","领域级历史证据","","see-ci-quality-ledger","see-ci-quality-ledger","see-release-manifest","收货、成本快照、盘点、存酒取用/转赠/作废、双人审批及幂等回归"
"INV-004","P0","两台设备同时卖最后一份","仅一单成功预占，另一单明确售罄；不出现负库存或两次扣款","通过","未执行","历史通过/待本版逐条追溯","1.0.0-rc.224","历史证据/待当前回归","冷言志、申良良、李艳、护古","领域级历史证据","","see-ci-quality-ledger","see-ci-quality-ledger","see-release-manifest","收货、成本快照、盘点、存酒取用/转赠/作废、双人审批及幂等回归"
"INV-005","P1","收货入库、供应商和成本变化","数量、批次、成本、操作者和凭证留痕；不追改已售商品成本快照","通过","未执行","直接自动化证据","1.0.0-rc.224","自动化回归/待绑定CI","冷言志、申良良、李艳、护古","直接测试映射","inventory-api及product-cost-policy测试","see-ci-quality-ledger","see-ci-quality-ledger","see-release-manifest","inventory-api及product-cost-policy测试：收货批次、单位、成本和历史成本快照不可追改"
"INV-006","P1","闭店盘点出现盘盈/盘亏","冷言志/申良良提交，李艳或护古审批；重大差异升级陈方宇，不能直接抹平","通过","未执行","直接自动化证据","1.0.0-rc.224","自动化回归/待绑定CI","冷言志、申良良、李艳、护古","直接测试映射","inventory-api/domain测试","see-ci-quality-ledger","see-ci-quality-ledger","see-release-manifest","inventory-api/domain测试：盘盈盘亏进入待确认，额度与独立审批强校验"
"INV-007","P1","客人结账前登记存酒","绑定原订单、客户、数量、封签、位置和到期日；登记人与复核人不同","通过","未执行","直接自动化证据","1.0.0-rc.224","自动化回归/待绑定CI","冷言志、申良良、李艳、护古","直接测试映射","inventory-api/domain测试","see-ci-quality-ledger","see-ci-quality-ledger","see-release-manifest","inventory-api/domain测试：存酒绑定客户、桌次、封签、位置、数量和到期时间"
"INV-008","P0","再次到店部分取用存酒","验证身份，取用不超过余量；前后数量、桌次和双人复核一致且幂等","通过","未执行","直接自动化证据","1.0.0-rc.224","自动化回归/待绑定CI","冷言志、申良良、李艳、护古","直接测试映射","inventory-domain测试","see-ci-quality-ledger","see-ci-quality-ledger","see-release-manifest","inventory-domain测试：存酒部分取用不超余量，幂等重试不重复扣减"
"INV-009","P0","存酒转赠","原客确认、接收人验证、双人复核；新旧批次链总量不变，不能同人发起自批","通过","未执行","直接自动化证据","1.0.0-rc.224","自动化回归/待绑定CI","冷言志、申良良、李艳、护古","直接测试映射","inventory-api、inventory-domain及dual-approval测试","see-ci-quality-ledger","see-ci-quality-ledger","see-release-manifest","inventory-api、inventory-domain及dual-approval测试：转赠总量守恒且发起人不能自批"
"INV-010","P0","存酒破损/过期作废","保留证据、原因、审批和损耗；不删除原批次，不允许无证据作废","通过","未执行","直接自动化证据","1.0.0-rc.224","自动化回归/待绑定CI","冷言志、申良良、李艳、护古","直接测试映射","inventory-api、inventory-domain及dual-approval测试","see-ci-quality-ledger","see-ci-quality-ledger","see-release-manifest","inventory-api、inventory-domain及dual-approval测试：作废/过期保留原批次、原因和独立审批"
"INV-011","P1","系统库存与实物不一致时继续售卖","冻结相关SKU/批次并建立差异任务；经理明确恢复条件，不能伪造盘点数","通过","未执行","历史通过/待本版逐条追溯","1.0.0-rc.224","历史证据/待当前回归","冷言志、申良良、李艳、护古","领域级历史证据","","see-ci-quality-ledger","see-ci-quality-ledger","see-release-manifest","收货、成本快照、盘点、存酒取用/转赠/作废、双人审批及幂等回归"
"INV-012","P1","退款商品是否回库","根据实物状态和配置决定回库/损耗；渠道退款、桌账与库存各自留独立事件","通过","未执行","历史通过/待本版逐条追溯","1.0.0-rc.224","历史证据/待当前回归","冷言志、申良良、李艳、护古","领域级历史证据","","see-ci-quality-ledger","see-ci-quality-ledger","see-release-manifest","收货、成本快照、盘点、存酒取用/转赠/作废、双人审批及幂等回归"
"INC-001","P0","全店停电或照明突然中断","阿金/李艳启动应急照明和疏散判断，三沐停止收款，系统记录中断时间；恢复后逐桌核账，不重复下单/收费","未执行","未执行","能力缺口","1.0.0-rc.224","门店现场执行","李艳、护古、陈方宇","待执行","","see-ci-quality-ledger","see-ci-quality-ledger","see-release-manifest","必须由门店按应急预案现场演练，上传脱敏照片、时间线、负责人和复盘记录"
"INC-002","P0","火警、烟雾或强制疏散","立即停止经营并按现场预案疏散，系统批量标记营业暂停但不强关桌账；人员清点、报警和恢复决定留痕","未执行","未执行","能力缺口","1.0.0-rc.224","门店现场执行","李艳、护古、陈方宇","待执行","","see-ci-quality-ledger","see-ci-quality-ledger","see-release-manifest","必须由门店按应急预案现场演练，上传脱敏照片、时间线、负责人和复盘记录"
"INC-003","P0","客人晕倒、受伤或需要急救","现场先急救/呼叫120，李艳指挥、护古获报；只记录必要事实、处置时间和见证人，不让AI替代医疗判断","未执行","未执行","能力缺口","1.0.0-rc.224","门店现场执行","李艳、护古、陈方宇","待执行","","see-ci-quality-ledger","see-ci-quality-ledger","see-release-manifest","必须由门店按应急预案现场演练，上传脱敏照片、时间线、负责人和复盘记录"
"INC-004","P0","客人发生严重过敏反应","停止相关出品、呼叫急救、封存原商品和BOM版本；订单、档口、服务员和过敏备注完整可追溯","未执行","未执行","能力缺口","1.0.0-rc.224","门店现场执行","李艳、护古、陈方宇","待执行","","see-ci-quality-ledger","see-ci-quality-ledger","see-release-manifest","必须由门店按应急预案现场演练，上传脱敏照片、时间线、负责人和复盘记录"
"INC-005","P1","轻微割伤、烫伤或员工工伤","立即停止涉事岗位、处理伤情和污染物，指定替补；事故、班次、设备/商品和后续复盘留痕","未执行","未执行","能力缺口","1.0.0-rc.224","门店现场执行","李艳、护古、陈方宇","待执行","","see-ci-quality-ledger","see-ci-quality-ledger","see-release-manifest","必须由门店按应急预案现场演练，上传脱敏照片、时间线、负责人和复盘记录"
"INC-006","P1","客人醉酒失控、打架或威胁他人","停止售酒，李艳/护古接管，必要时报警；服务员不单独对抗，系统保留事件时间线和相关桌次","未执行","未执行","能力缺口","1.0.0-rc.224","门店现场执行","李艳、护古、陈方宇","待执行","","see-ci-quality-ledger","see-ci-quality-ledger","see-release-manifest","必须由门店按应急预案现场演练，上传脱敏照片、时间线、负责人和复盘记录"
"INC-007","P1","骚扰、偷拍或客人要求换座避开他人","优先保护被影响客人并安排换桌/安保；限制事件详情可见范围，不把敏感描述公开给普通员工","未执行","未执行","能力缺口","1.0.0-rc.224","门店现场执行","李艳、护古、陈方宇","待执行","","see-ci-quality-ledger","see-ci-quality-ledger","see-release-manifest","必须由门店按应急预案现场演练，上传脱敏照片、时间线、负责人和复盘记录"
"INC-008","P1","客人拒付、逃单或账单争议","冻结桌次关闭，保留订单、送达、支付和沟通证据；由李艳处理，员工不得私自代付或删单","未执行","未执行","部分实现","1.0.0-rc.224","门店现场执行","李艳、护古、陈方宇","待执行","","see-ci-quality-ledger","see-ci-quality-ledger","see-release-manifest","必须由门店按应急预案现场演练，上传脱敏照片、时间线、负责人和复盘记录"
"INC-009","P1","客人称重复扣款或盗刷","三沐先查原支付和渠道，不再次退款/收费；建立资金争议单，结果未知时升级李艳和护古","未执行","未执行","部分实现","1.0.0-rc.224","门店现场执行","李艳、护古、陈方宇","待执行","","see-ci-quality-ledger","see-ci-quality-ledger","see-release-manifest","必须由门店按应急预案现场演练，上传脱敏照片、时间线、负责人和复盘记录"
"INC-010","P1","现金疑似假币或找零争议","三沐暂停该笔现金确认并由李艳复核；记录金额和处置，不在系统中伪报其他支付渠道","未执行","未执行","能力缺口","1.0.0-rc.224","门店现场执行","李艳、护古、陈方宇","待执行","","see-ci-quality-ledger","see-ci-quality-ledger","see-release-manifest","必须由门店按应急预案现场演练，上传脱敏照片、时间线、负责人和复盘记录"
"INC-011","P1","客人遗失手机、包或其他物品","建立失物记录、封存位置、拾取人与交接人；领取时核验，避免在公开列表展示物品敏感信息","未执行","未执行","能力缺口","1.0.0-rc.224","门店现场执行","李艳、护古、陈方宇","待执行","","see-ci-quality-ledger","see-ci-quality-ledger","see-release-manifest","必须由门店按应急预案现场演练，上传脱敏照片、时间线、负责人和复盘记录"
"INC-012","P1","玻璃破碎、酒水泼洒或通道湿滑","立即暂停周边桌/通道、清洁并设置警示，服务任务升级；损耗、受影响订单和恢复时间留痕","未执行","未执行","能力缺口","1.0.0-rc.224","门店现场执行","李艳、护古、陈方宇","待执行","","see-ci-quality-ledger","see-ci-quality-ledger","see-release-manifest","必须由门店按应急预案现场演练，上传脱敏照片、时间线、负责人和复盘记录"
"INC-013","P1","卫生、异物、食品变质或温控问题","停售同批商品、封存批次并追溯已售桌；处理投诉、退款/重做和库存报损，不能只补一份后继续售卖","未执行","未执行","部分实现","1.0.0-rc.224","门店现场执行","李艳、护古、陈方宇","待执行","","see-ci-quality-ledger","see-ci-quality-ledger","see-release-manifest","必须由门店按应急预案现场演练，上传脱敏照片、时间线、负责人和复盘记录"
"INC-014","P1","厕所、空调、给排水或电梯故障影响经营","发布区域/设施状态，调整桌台和服务话术；严重时限制接客，故障、责任人和恢复确认可追溯","未执行","未执行","能力缺口","1.0.0-rc.224","门店现场执行","李艳、护古、陈方宇","待执行","","see-ci-quality-ledger","see-ci-quality-ledger","see-release-manifest","必须由门店按应急预案现场演练，上传脱敏照片、时间线、负责人和复盘记录"
"INC-015","P1","支付服务商、微信或物理POS同时不可用","明确可用备用渠道和风险上限；禁止凭口头截图确认到账，所有待核对收款进入差异清单","阻塞","阻塞","外部依赖","1.0.0-rc.224","外部生产联调","李艳、护古、陈方宇","待执行","","see-ci-quality-ledger","see-ci-quality-ledger","see-release-manifest","需真实微信、星驿和物理POS同时不可用的门店降级演练记录"
"INC-016","P1","供应商未送货或关键原料临时短缺","冷言志/申良良盘点，李艳批量停售/限量并配置替代品；已下单客户逐桌处理，不允许负库存硬出单","未执行","未执行","部分实现","1.0.0-rc.224","门店现场执行","李艳、护古、陈方宇","待执行","","see-ci-quality-ledger","see-ci-quality-ledger","see-release-manifest","必须由门店按应急预案现场演练，上传脱敏照片、时间线、负责人和复盘记录"
"INC-017","P1","暴雨、台风、交通中断导致预约或演出大面积取消","批量变更必须逐条保留订金、退款和通知结果；歌手排班、候补和人员班次同步调整","未执行","未执行","部分实现","1.0.0-rc.224","门店现场执行","李艳、护古、陈方宇","待执行","","see-ci-quality-ledger","see-ci-quality-ledger","see-release-manifest","必须由门店按应急预案现场演练，上传脱敏照片、时间线、负责人和复盘记录"
"INC-018","P0","公安、消防、市场监管或支付机构现场检查","李艳/护古统一接待，乌鸦提供只读审计和合规资料；不得临时删改记录或暴露无关客户数据","未执行","未执行","能力缺口","1.0.0-rc.224","门店现场执行","李艳、护古、陈方宇","待执行","","see-ci-quality-ledger","see-ci-quality-ledger","see-release-manifest","必须由门店按应急预案现场演练，上传脱敏照片、时间线、负责人和复盘记录"
"INC-019","P0","摄像头、人脸或视觉分析误识别客户","不以识别结果直接拒客、扣费或公开身份；员工现场核实，记录误判并按同意/隐私规则停用相关数据","未执行","未执行","部分实现","1.0.0-rc.224","门店现场执行","李艳、护古、陈方宇","待执行","","see-ci-quality-ledger","see-ci-quality-ledger","see-release-manifest","必须由门店按应急预案现场演练，上传脱敏照片、时间线、负责人和复盘记录"
"INC-020","P1","客人表示将去公开平台投诉","先解决事实和安全问题，建立投诉闭环并告知真实进度；不得以赠品换取删评或阻止合法评价","未执行","未执行","部分实现","1.0.0-rc.224","门店现场执行","李艳、护古、陈方宇","待执行","","see-ci-quality-ledger","see-ci-quality-ledger","see-release-manifest","必须由门店按应急预案现场演练，上传脱敏照片、时间线、负责人和复盘记录"
"SEC-001","P1","PC、iPad/安卓平板、手机横竖屏操作","关键任务一屏可见，按钮有边界和点击反馈，文字不重叠；常用动作不依赖多次滚动","通过","未执行","历史通过/待本版逐条追溯","1.0.0-rc.224","历史证据/待当前回归","乌鸦、李艳","领域级历史证据","","see-ci-quality-ledger","see-ci-quality-ledger","see-release-manifest","角色/API越权、签名固定桌码、离线隔离、通知降级、配置回滚及响应式页面回归"
"SEC-002","P1","每个真实岗位登录","只显示职责入口；直接调用未授权API也拒绝；角色、门店和数据范围一致","通过","未执行","历史通过/待本版逐条追溯","1.0.0-rc.224","历史证据/待当前回归","乌鸦、李艳","领域级历史证据","","see-ci-quality-ledger","see-ci-quality-ledger","see-release-manifest","角色/API越权、签名固定桌码、离线隔离、通知降级、配置回滚及响应式页面回归"
"SEC-003","P0","服务员尝试管理员、退款审批、库存审批接口","服务端403并记安全审计；不能只靠隐藏按钮","通过","未执行","历史通过/待本版逐条追溯","1.0.0-rc.224","历史证据/待当前回归","乌鸦、李艳","领域级历史证据","","see-ci-quality-ledger","see-ci-quality-ledger","see-release-manifest","角色/API越权、签名固定桌码、离线隔离、通知降级、配置回滚及响应式页面回归"
"SEC-004","P0","乌鸦尝试收款、开台或审批本人活动","按角色边界拒绝；身份管理和经营资金责任不混为一体","通过","未执行","历史通过/待本版逐条追溯","1.0.0-rc.224","历史证据/待当前回归","乌鸦、李艳","领域级历史证据","","see-ci-quality-ledger","see-ci-quality-ledger","see-release-manifest","角色/API越权、签名固定桌码、离线隔离、通知降级、配置回滚及响应式页面回归"
"SEC-005","P0","护古尝试管理员工身份凭证","拒绝`identity.manage`；经营配置权限仍正常，形成拒绝审计","通过","未执行","历史通过/待本版逐条追溯","1.0.0-rc.224","历史证据/待当前回归","乌鸦、李艳","领域级历史证据","","see-ci-quality-ledger","see-ci-quality-ledger","see-release-manifest","角色/API越权、签名固定桌码、离线隔离、通知降级、配置回滚及响应式页面回归"
"SEC-006","P0","篡改桌号、客户ID、订单ID或token","签名/归属校验拒绝，不能跨桌读取或写入；记录请求ID但不泄露敏感token","通过","未执行","历史通过/待本版逐条追溯","1.0.0-rc.224","历史证据/待当前回归","乌鸦、李艳","领域级历史证据","","see-ci-quality-ledger","see-ci-quality-ledger","see-release-manifest","角色/API越权、签名固定桌码、离线隔离、通知降级、配置回滚及响应式页面回归"
"SEC-007","P1","固定二维码被拍照带离门店","无有效桌次时只显示安全入口；不能远程向别桌下单/呼叫；按配置进行现场/会话校验","通过","未执行","直接自动化证据","1.0.0-rc.224","自动化回归/待绑定CI","乌鸦、李艳","直接测试映射","table-access及guest-api测试","see-ci-quality-ledger","see-ci-quality-ledger","see-release-manifest","table-access及guest-api测试：固定桌码只交换绑定桌台当前桌次，无有效桌次或伪造桌号均拒绝"
"SEC-008","P1","会话到期、桌次翻台或员工退出","写操作明确拒绝并引导重新扫码/登录；本地缓存不能绕过服务端状态","通过","未执行","历史通过/待本版逐条追溯","1.0.0-rc.224","历史证据/待当前回归","乌鸦、李艳","领域级历史证据","","see-ci-quality-ledger","see-ci-quality-ledger","see-release-manifest","角色/API越权、签名固定桌码、离线隔离、通知降级、配置回滚及响应式页面回归"
"SEC-009","P1","服务平板断网","可缓存允许的非资金服务动作并标离线；订单、支付、退款、库存等资金/关键写入必须阻止","通过","未执行","历史通过/待本版逐条追溯","1.0.0-rc.224","历史证据/待当前回归","乌鸦、李艳","领域级历史证据","","see-ci-quality-ledger","see-ci-quality-ledger","see-release-manifest","角色/API越权、签名固定桌码、离线隔离、通知降级、配置回滚及响应式页面回归"
"SEC-010","P1","网络恢复后离线队列重放","使用原幂等键，只同步一次；冲突提示人工处理，不能静默覆盖新状态","通过","未执行","历史通过/待本版逐条追溯","1.0.0-rc.224","历史证据/待当前回归","乌鸦、李艳","领域级历史证据","","see-ci-quality-ledger","see-ci-quality-ledger","see-release-manifest","角色/API越权、签名固定桌码、离线隔离、通知降级、配置回滚及响应式页面回归"
"SEC-011","P0","两设备同时更新桌台、任务或支付","使用版本/状态机控制；一个成功、另一个得到冲突和最新值，不出现双终态","通过","未执行","历史通过/待本版逐条追溯","1.0.0-rc.224","历史证据/待当前回归","乌鸦、李艳","领域级历史证据","","see-ci-quality-ledger","see-ci-quality-ledger","see-release-manifest","角色/API越权、签名固定桌码、离线隔离、通知降级、配置回滚及响应式页面回归"
"SEC-012","P1","通知通道、耳机或第三方服务宕机","核心任务仍保留，自动切换平板/PC/人工清单；失败、重试和接管可监控","通过","未执行","直接自动化证据","1.0.0-rc.224","自动化回归/待绑定CI","乌鸦、李艳","直接测试映射","notification-runtime/dispatch测试","see-ci-quality-ledger","see-ci-quality-ledger","see-release-manifest","notification-runtime/dispatch测试：通道失败时核心任务保留在员工/管理端队列并进入重试和人工接管"
"SEC-013","P0","日志、导出和截图检查","PIN、AppSecret、支付密钥、付款码、完整手机号和token不得出现；敏感操作有actorId","通过","未执行","历史通过/待本版逐条追溯","1.0.0-rc.224","历史证据/待当前回归","乌鸦、李艳","领域级历史证据","","see-ci-quality-ledger","see-ci-quality-ledger","see-release-manifest","角色/API越权、签名固定桌码、离线隔离、通知降级、配置回滚及响应式页面回归"
"SEC-014","P1","备份恢复到隔离环境","数据、审计、配置版本和业务关联可恢复；恢复过程不连接真实支付或发真实通知","阻塞","阻塞","外部依赖","1.0.0-rc.224","外部生产联调","乌鸦、李艳","待执行","","see-ci-quality-ledger","see-ci-quality-ledger","see-release-manifest","旧Cloud SQL恢复证据不适用于当前阿里云RDS；需从阿里云备份恢复到隔离实例并核对审计、版本和关联完整性"
"SEC-015","P0","配置发布错误后回滚","回滚生成新版本而非覆盖历史；正在处理的订单/授权按明确快照规则继续，不产生权限漂移","通过","未执行","历史通过/待本版逐条追溯","1.0.0-rc.224","历史证据/待当前回归","乌鸦、李艳","领域级历史证据","","see-ci-quality-ledger","see-ci-quality-ledger","see-release-manifest","角色/API越权、签名固定桌码、离线隔离、通知降级、配置回滚及响应式页面回归"
"PKC-001","P0","20:30至02:00累计300人、分批到店","预约、候补、开台和客流事件无丢失；无跨桌/重复桌次；关键接口无5xx尖峰","通过","未执行","历史通过/待本版逐条追溯","1.0.0-rc.224","历史证据/待当前回归","乌鸦、李艳、护古","领域级历史证据","","see-ci-quality-ledger","see-ci-quality-ledger","see-release-manifest","300人/75桌/613请求压力回归、闭店阻断和PostgreSQL并发一致性回归"
"PKC-002","P1","10分钟内多桌集中扫码、点单和加单","页面可用，订单幂等，KDS按档口承压；延迟达到阈值时给出真实排队状态","通过","未执行","历史通过/待本版逐条追溯","1.0.0-rc.224","历史证据/待当前回归","乌鸦、李艳、护古","领域级历史证据","","see-ci-quality-ledger","see-ci-quality-ledger","see-release-manifest","300人/75桌/613请求压力回归、闭店阻断和PostgreSQL并发一致性回归"
"PKC-003","P1","1分钟内多桌各5次服务请求","限流按客户/桌次合理生效，不全店互相影响；主责、候补、经理升级链保持唯一","通过","未执行","历史通过/待本版逐条追溯","1.0.0-rc.224","历史证据/待当前回归","乌鸦、李艳、护古","领域级历史证据","","see-ci-quality-ledger","see-ci-quality-ledger","see-release-manifest","300人/75桌/613请求压力回归、闭店阻断和PostgreSQL并发一致性回归"
"PKC-004","P0","支付高峰同时出现回调、查单、POS报送和退款","账本不超付/不重复；数据库连接和队列稳定；支付未知有负责人，不能靠重试制造重复","阻塞","阻塞","外部依赖","1.0.0-rc.224","外部生产联调","乌鸦、李艳、护古","待执行","","see-ci-quality-ledger","see-ci-quality-ledger","see-release-manifest","需星驿/微信生产商户参数、真实小额流水及高峰回调/查单/退款记录"
"PKC-005","P1","吧台/后厨积压与服务员取送不足同时发生","系统展示真实队列和SLA，智能分配候补，停售/限量可配置；无“已完成未送达”假状态","通过","未执行","历史通过/待本版逐条追溯","1.0.0-rc.224","历史证据/待当前回归","乌鸦、李艳、护古","领域级历史证据","","see-ci-quality-ledger","see-ci-quality-ledger","see-release-manifest","300人/75桌/613请求压力回归、闭店阻断和PostgreSQL并发一致性回归"
"PKC-006","P1","多个投诉、生日、点歌和换桌同时发生","经理按紧急度调度；任务对象互相关联但不混桌；高优投诉不会被普通任务淹没","通过","未执行","历史通过/待本版逐条追溯","1.0.0-rc.224","历史证据/待当前回归","乌鸦、李艳、护古","领域级历史证据","","see-ci-quality-ledger","see-ci-quality-ledger","see-release-manifest","300人/75桌/613请求压力回归、闭店阻断和PostgreSQL并发一致性回归"
"PKC-007","P0","主数据库/应用短时中断","阻止资金盲写，启用纸单/POS应急编号；恢复后按原业务ID补录/对账，不重复订单支付","未执行","未执行","代码支持/待现场验证","1.0.0-rc.224","门店现场执行","乌鸦、李艳、护古","待执行","","see-ci-quality-ledger","see-ci-quality-ledger","see-release-manifest","必须由对应真实岗位在门店设备和网络下执行，记录业务对象ID、审计事件和脱敏截图"
"PKC-008","P1","02:00闭店前仍有开放桌、支付未知、退款失败或投诉","日结阻断并生成交班清单，责任人/期限明确；不能强制清零或改终态","通过","未执行","直接自动化证据","1.0.0-rc.224","自动化回归/待绑定CI","乌鸦、李艳、护古","直接测试映射","business-day-api测试","see-ci-quality-ledger","see-ci-quality-ledger","see-release-manifest","business-day-api测试：开放桌、支付未知、退款失败、投诉和进行中点歌均阻止闭店并返回交接项"
"PKC-009","P1","跨零点日结、库存盘点、备份","营业日一致；支付、退款、POS、现金、权益、存酒和库存差异逐笔核对；备份校验可验证","未执行","未执行","代码支持/待现场验证","1.0.0-rc.224","门店现场执行","乌鸦、李艳、护古","待执行","","see-ci-quality-ledger","see-ci-quality-ledger","see-release-manifest","必须由对应真实岗位在门店设备和网络下执行，记录业务对象ID、审计事件和脱敏截图"
"PKC-010","P0","灾难恢复演练及发布回退","在隔离环境恢复最近备份、验证关键对象与审计；版本回退不回滚已发生资金和经营事实","未执行","未执行","云端数据库待复测","1.0.0-rc.224","门店现场执行","乌鸦、李艳、护古","待执行","","see-ci-quality-ledger","see-ci-quality-ledger","see-release-manifest","必须由对应真实岗位在门店设备和网络下执行，记录业务对象ID、审计事件和脱敏截图"
